1 404
2 628
2 366
2 714
1 384
2 314
2 474
1 1088
1 482
2 124
1 570
1 816
1 284
2 314
1 2172
1 324
2 978
2 598
1 208
1 164
1 412
1 310
1 836
2 146
1 340
1 426
2 286
2 452
1 744
1 386
1 192
2 220
2 194
2 844
2 296
2 378
2 350
2 182
2 398
1 474
1 76
1 236
1 352
2 442
1 602
1 350
2 448
2 388
2 182
1 570
2 322
2 718
1 260
2 126
1 788
1 188
2 88
1 144
1 276
2 214
1 172
2 322
2 186
1 440
1 806
2 202
2 194
1 358
2 184
1 486
1 122
2 114
1 428
1 632
2 104
2 184
2 270
1 114
1 108
1 186
1 414
1 236
1 152
2 914
1 290
2 80
1 310
2 1884
1 408
1 184
1 444
2 274
1 128
2 332
2 260
2 238
1 120
1 402
2 292
2 266
1 574
1 102
1 446
1 296
1 876
1 552
2 174
2 208
2 118
2 158
2 162
2 98
2 420
2 162
1 196
1 588
1 244
2 236
1 502
1 494
1 168
1 296
1 242
2 282
1 134
1 634
1 274
2 142
2 544
2 450
2 108
2 386
1 696
1 168
1 198
2 352
1 294
2 166
1 290
2 1854
2 284
2 246
2 512
2 302
2 186
1 238
1 350
2 698
2 1440
2 172
1 268
1 946
1 284
2 102
1 234
1 786
2 140
2 256
2 342
1 336
2 392
2 476
1 136
2 288
1 456
2 522
1 254
1 452
2 190
2 170
1 170
2 120
1 564
2 272
1 310
2 174
2 106
1 272
2 360
1 84
2 280
1 290
1 402
2 612
2 110
2 108
1 1158
1 702
2 156
2 266
2 580
2 104
2 660
1 460
1 144
2 232
1 660
2 440
2 406
2 142
2 318
1 810
2 512
2 162
2 124
2 188
1 146
2 110
2 284
1 676
2 728
1 228
1 216
1 262
1 360
1 810
2 306
2 550
1 218
2 176
1 384
1 124
2 214
1 136
1 1402
2 156
2 526
1 798
1 72
1 716
2 80
2 178
1 824
1 572
1 352
2 122
1 302
1 238
1 186
2 112
2 272
2 480
2 912
1 206
2 578
1 448
1 334
2 334
1 200
1 306
1 234
1 204
2 352
2 470
1 140
2 266
2 416
2 1016
2 1164
2 594
1 174
2 346
1 290
1 122
2 796
1 1196
2 446
2 186
2 264
2 254
2 304
2 414
2 400
2 238
2 424
2 126
2 696
2 338
2 160
1 378
2 708
1 326
2 910
1 92
2 872
2 688
2 302
1 318
2 524
1 1306
1 280
1 420
2 232
1 472
1 266
1 270
2 150
1 114
2 556
2 84
2 236
1 398
1 100
1 530
1 258
2 412
2 458
1 290
2 146
1 1270
2 226
1 314
2 434
1 118
1 288
1 110
1 136
2 804
1 102
2 170
2 916
1 262
2 314
2 546
2 200
2 104
1 422
1 254
2 420
2 132
2 494
1 304
1 156
1 470
1 638
1 554
1 234
1 504
2 394
1 258
2 802
2 458
2 802
2 144
1 146
2 272
1 366
2 264
1 284
2 522
2 620
1 170
2 268
2 472
1 220
1 166
1 216
1 800
2 1198
2 958
1 506
1 228
2 302
2 440
1 522
1 586
2 532
2 252
1 304
2 656
2 368
2 636
2 234
1 802
2 288
1 492
1 410
1 380
1 570
1 338
1 414
1 392
1 370
2 232
2 444
2 244
1 570
1 88
1 102
1 244
1 686
2 132
2 376
1 212
1 102
1 226
2 386
1 152
2 46
1 168
2 224
2 334
1 238
1 380
1 1084
2 324
2 692
2 140
2 210
1 222
1 264
1 184
1 132
1 394
1 328
2 262
2 282
2 1210
1 300
1 286
1 190
1 112
1 544
2 152
2 828
2 424
2 260
1 198
1 478
2 386
1 458
2 1322
2 354
1 312
1 522
1 526
2 708
2 476
1 456
1 522
1 404
2 482
1 334
1 206
2 198
1 134
1 250
1 168
1 844
2 394
1 426
2 378
2 514
2 66
2 72
1 478
1 578
2 848
1 110
2 112
1 222
1 934
1 782
2 144
2 1056
1 488
2 250
1 198
2 430
2 144
1 170
2 306
1 448
1 358
1 256
1 102
2 150
1 108
2 1076
2 370
2 636
1 124
2 178
1 134
2 92
1 388
2 588
1 948
1 500
2 348
2 290
1 400
1 222
1 410
1 204
2 488
2 580
1 674
2 42
2 708
1 216
1 262
1 370
1 472
2 1314
2 260
1 134
1 408
1 414
2 108
1 210
1 164
2 1042
1 150
2 292
2 156
1 582
1 214
1 354
2 112
2 650
2 134
2 170
2 324
2 316
2 118
2 106
2 838
2 92
1 126
1 470
1 1050
1 168
2 166
1 164
2 468
2 58
1 82
1 442
2 214
1 390
2 270
2 292
1 374
2 1062
1 72
2 640
1 264
2 70
1 256
2 594
1 134
2 600
2 232
2 460
2 240
2 152
1 118
1 608
1 362
1 978
2 1088
1 58
2 926
2 1248
2 274
1 66
1 152
1 180
2 610
2 630
1 236
2 138
1 126
1 226
2 382
1 1270
2 172
2 756
2 210
1 710
2 100
1 256
1 360
2 180
1 252
1 358
1 192
2 228
1 228
1 286
1 178
1 1102
1 290
1 104
1 214
1 346
1 750
1 166
2 438
2 220
2 642
2 312
2 224
2 70
1 772
1 558
2 300
2 506
1 594
1 308
1 760
2 244
1 200
1 336
1 168
2 210
2 240
1 326
1 286
1 218
2 128
1 300
1 140
2 126
2 898
1 258
2 1086
2 146
2 656
1 546
1 400
1 928
1 48
1 352
1 264
2 314
1 210
1 494
1 148
2 174
2 470
1 516
1 122
1 1076
2 100
1 482
1 144
2 206
2 108
2 150
2 220
2 388
2 262
1 272
1 198
1 772
2 132
1 170
1 726
1 384
2 496
2 404
1 388
1 422
2 452
2 86
1 92
2 1388
1 338
1 382
2 148
2 162
1 250
1 322
1 256
1 202
1 516
2 368
1 352
1 120
2 222
2 738
1 626
2 92
2 778
2 154
2 218
1 406
1 306
2 704
1 842
1 132
2 208
1 132
2 330
2 428
1 180
2 148
2 768
1 794
1 364
2 172
1 196
1 218
1 302
2 300
1 182
2 132
2 436
1 372
2 1442
1 700
2 214
1 406
2 328
2 308
1 220
2 434
1 494
1 250
1 704
1 136
2 134
2 444
1 176
2 192
2 208
2 516
1 100
2 166
1 104
2 848
1 118
2 666
1 110
1 400
1 1370
2 204
1 424
2 722
1 574
1 820
1 268
1 186
1 162
1 238
2 694
2 214
2 700
2 660
2 866
2 548
2 100
1 272
2 200
1 178
2 202
2 312
2 360
1 376
1 108
1 226
1 206
2 310
1 138
1 486
2 334
1 66
2 244
1 380
2 288
2 404
1 114
1 1014
2 1308
1 904
1 842
2 596
1 220
2 404
1 860
1 510
1 156
2 114
2 698
1 446
1 558
2 474
2 724
1 330
2 664
2 292
1 412
1 82
1 264
1 406
1 586
1 128
2 788
2 162
1 870
1 762
2 108
2 276
1 132
1 254
2 170
2 824
2 286
2 472
2 190
1 630
1 248
1 770
1 234
1 596
2 84
1 162
1 338
2 734
2 708
1 910
2 438
1 106
1 2082
1 500
2 136
2 332
1 154
1 368
1 62
2 446
2 120
1 232
1 398
1 76
2 314
1 198
2 84
1 240
1 132
1 402
1 356
1 300
2 270
2 252
2 688
2 236
2 114
1 290
2 194
2 524
1 78
2 856
2 400
1 538
1 160
2 108
2 292
2 694
2 566
2 358
2 164
1 298
1 932
2 310
2 402
1 290
2 268
1 102
2 540
2 680
1 562
1 156
2 324
1 394
1 226
2 170
1 258
2 354
1 206
1 502
1 330
2 238
2 256
1 428
1 190
1 242
1 302
1 98
1 240
1 176
2 340
2 718
2 328
1 238
1 238
1 54
2 390
1 200
2 664
2 250
2 334
2 276
2 248
2 118
2 390
2 418
1 802
2 174
1 96
2 250
2 180
1 84
2 310
1 250
1 358
1 620
1 412
2 292
1 1208
1 632
1 252
1 232
1 748
2 648
1 784
2 410
2 158
1 462
2 514
1 130
1 726
1 130
1 448
2 174
1 438
1 376
2 346
2 312
1 318
1 326
1 116
1 350
1 434
1 662
1 332
1 176
2 922
2 164
2 42
1 64
2 672
1 546
1 52
2 436
2 496
1 332
1 84
2 454
1 266
1 160
1 1126
2 98
2 348
2 590
2 228
2 484
2 236
1 204
1 274
2 372
1 574
1 130
2 424
1 562
2 214
2 682
2 478
1 138
2 298
1 302
1 232
2 512
1 312
2 58
2 422
1 776
2 518
2 190
1 404
2 432
2 554
1 324
1 78
1 296
2 634
1 466
2 296
1 192
2 248
2 316
1 216
2 240
1 410
1 312
1 290
1 1560
1 406
1 204
1 578
1 1292
2 484
2 414
1 238
1 214
1 184
2 122
1 104
2 176
1 822
2 166
1 474
1 156
2 302
1 170
2 314
1 444
1 340
2 180
2 228
1 444
2 278
2 140
2 174
1 502
2 182
2 690
1 472
2 238
1 92
1 312
2 514
2 460
2 372
1 348
2 808
2 160
2 150
2 108
1 158
2 486
2 478
1 100
2 172
2 146
1 252
1 292
1 246
1 144
1 154
2 88
1 418
1 188
2 430
1 796
1 566
1 474
2 158
2 472
2 476
1 228
2 168
2 364
2 68
2 160
2 770
2 200
2 290
1 1392
2 162
2 666
1 368
1 574
2 512
1 552
2 450
2 934
2 402
1 192
2 280
1 372
1 168
2 322
2 526
1 660
1 260
2 160
2 190
2 290
2 302
2 498
1 508
1 162
1 318
2 1076
2 532
1 312
2 584
2 1128
1 606
2 526
2 468
1 310
2 290
1 134
2 162
2 446
2 292
2 676
1 534
2 118
1 112
2 1072
1 488
2 338
2 226
1 602
1 264
2 276
2 560
1 172
1 156
1 156
1 580
1 502
1 262
2 524
1 264
1 628
1 384
1 244
1 352
2 328
2 374
1 542
2 1212
1 136
2 426
1 562
2 78
1 142
1 320
2 176
2 892
1 104
1 232
1 718
2 258
2 270
2 540
1 408
1 354
1 194
1 150
2 294
2 436
2 144
2 176
1 376
1 190
1 182
2 146
1 496
1 438
1 208
2 286
2 340
2 398
1 996
2 412
2 346
2 776
1 306
1 368
2 324
1 114
2 582
2 228
1 100
2 296
2 194
2 158
1 278
1 258
2 138
2 322
2 176
2 318
2 698
1 352
1 152
2 138
2 202
1 104
1 670
2 428
2 202
1 546
1 190
1 336
1 384
2 468
2 484
1 358
2 200
1 890
1 300
1 144
1 172
1 224
1 230
2 678
1 572
1 394
2 248
1 472
2 226
2 118
2 146
2 778
1 538
1 196
1 146
1 158
1 292
2 248
2 168
1 310
1 172
2 1086
2 114
1 398
2 450
1 236
1 658
2 270
1 174
1 556
2 1254
1 82
1 166
2 622
1 432
2 1306
2 114
2 354
1 218
2 438
2 354
1 362
2 168
2 520
2 342
1 158
1 442
1 154
2 138
2 136
1 460
1 260
2 134
2 256
2 302
2 348
2 318
1 358
1 98
1 326
2 144
1 88
2 228
2 376
2 408
1 520
1 536
1 162
1 298
1 594
2 280
1 218
2 168
1 512
1 362
2 296
1 296
2 382
2 250
1 268
1 416
1 320
1 232
1 166
1 154
1 226
1 112
1 806
2 392
2 632
2 334
1 1330
1 232
2 164
2 786
1 528
2 216
1 264
2 328
2 434
1 606
1 848
1 714
1 532
1 1020
1 394
1 120
1 1016
1 254
1 210
1 608
1 188
2 744
2 336
2 346
1 110
2 962
1 872
2 530
1 684
1 300
1 108
1 206
1 64
2 1026
2 900
1 274
1 108
2 806
1 612
1 182
2 220
1 106
1 272
2 990
1 568
2 1378
2 274
1 694
1 454
1 780
2 294
2 510
1 574
2 320
2 184
1 656
2 590
2 576
2 164
1 544
1 504
1 118
1 510
1 398
2 266
2 576
1 500
1 622
2 386
2 698
1 482
2 134
2 372
1 530
2 150
2 318
1 1026
2 76
1 190
2 308
2 362
1 100
2 62
1 242
1 354
2 338
1 470
2 742
2 120
1 146
2 330
1 110
1 124
1 162
2 596
2 152
1 734
2 302
2 724
2 152
2 754
2 298
1 360
2 130
1 102
1 650
1 456
2 690
2 360
1 326
1 496
2 432
2 314
1 176
1 284
1 84
2 396
2 664
1 444
1 128
1 522
2 142
1 526
2 204
2 710
2 322
2 450
1 88
1 226
1 192
2 318
2 442
1 224
2 700
1 204
2 504
1 696
1 1290
2 1052
2 226
1 210
2 768
1 452
2 450
2 824
2 758
2 382
2 466
1 482
2 168
1 270
1 554
1 140
2 384
2 178
2 342
2 796
2 990
1 556
2 794
2 894
1 392
2 176
2 420
2 568
2 120
2 164
1 450
1 328
1 834
2 220
2 146
2 132
1 142
2 352
2 368
2 644
2 636
1 448
2 712
2 68
2 98
2 1432
1 202
1 998
2 292
2 262
2 218
2 430
1 238
1 334
2 476
1 362
2 212
1 80
1 290
1 678
1 1038
2 664
2 370
1 1102
1 282
1 98
1 198
2 806
1 238
1 264
1 244
2 244
2 1236
1 718
2 326
1 902
1 264
2 96
2 420
1 718
1 116
1 894
2 192
1 776
1 118
1 320
1 252
1 1278
1 638
2 226
2 224
1 746
2 342
2 466
1 766
2 814
2 236
1 326
2 104
2 468
1 468
2 132
2 444
1 666
2 292
1 302
1 180
1 112
1 106
1 272
1 274
1 272
1 368
1 78
2 224
1 634
2 118
1 330
2 276
1 194
1 430
1 214
1 400
2 158
1 212
2 334
1 614
2 194
1 306
2 318
2 286
2 690
1 638
1 404
2 240
1 598
2 828
1 664
1 588
1 144
1 162
1 210
1 396
1 172
2 416
1 208
1 142
2 580
2 226
2 516
2 286
2 574
2 266
1 274
2 682
2 238
2 198
1 464
1 224
1 352
2 114
1 88
1 1568
2 246
1 188
2 92
1 524
1 136
1 290
2 1618
1 488
1 318
2 306
1 226
2 472
1 76
1 112
2 986
2 268
1 510
2 156
2 172
1 446
1 810
1 238
2 326
1 246
2 166
1 288
1 174
2 794
2 464
1 496
1 444
2 148
1 176
2 1018
1 252
1 442
2 244
1 140
1 464
2 586
2 236
1 1008
2 172
2 402
2 604
2 102
2 230
1 130
2 262
2 98
1 142
1 128
1 616
1 302
1 54
2 132
2 514
2 110
2 608
2 178
1 400
1 142
2 586
1 428
2 460
2 328
2 1348
1 684
1 204
2 342
2 758
2 226
2 140
1 134
1 574
2 836
1 1240
1 554
2 162
2 448
1 402
2 190
1 156
1 434
2 636
2 204
2 252
2 198
1 314
1 396
1 118
2 108
1 298
2 714
1 366
2 328
2 410
1 404
1 668
2 136
2 622
1 354
1 662
1 814
2 122
2 224
1 404
2 76
2 560
1 422
2 142
1 510
1 104
1 460
1 470
1 364
1 140
2 230
2 304
2 986
2 364
2 204
1 612
1 422
2 92
1 800
1 500
2 284
1 326
2 142
1 140
1 476
1 604
2 1352
2 180
1 126
2 230
1 526
2 184
1 162
2 642
1 142
1 832
2 314
2 258
2 224
2 76
1 1852
2 198
1 342
1 336
2 752
2 84
2 174
2 84
2 520
2 242
1 166
2 252
2 440
2 620
2 280
1 172
1 156
1 612
1 126
1 508
2 164
1 414
2 504
1 342
1 388
1 830
1 168
2 580
1 438
2 116
1 162
2 322
1 326
1 230
1 300
1 142
2 134
1 456
2 226
1 164
1 172
2 744
1 254
1 564
1 454
1 108
2 600
2 258
1 368
1 248
2 298
1 466
2 84
1 450
1 134
1 392
1 162
2 726
1 132
1 108
2 528
1 254
1 640
2 914
2 168
1 152
2 122
2 566
1 136
1 288
1 174
2 170
2 214
2 744
1 118
1 212
2 348
1 90
1 172
2 220
2 346
1 252
1 500
1 374
2 118
1 116
1 266
2 528
2 114
2 410
1 110
1 394
2 456
2 780
2 102
1 880
1 306
1 148
2 464
2 260
2 338
1 84
1 240
1 312
2 316
1 278
2 288
2 394
1 156
1 174
2 580
2 494
1 240
1 856
1 292
1 108
2 168
2 1114
1 258
2 246
1 1270
2 374
2 604
2 90
1 256
1 572
2 142
1 102
2 884
2 584
2 172
1 268
2 118
2 496
1 108
1 1060
2 248
2 318
1 254
1 368
1 252
1 132
1 344
1 316
2 324
1 206
1 316
1 122
2 312
2 170
2 222
1 418
2 292
2 138
2 410
2 170
2 230
2 510
2 1122
1 316
2 608
2 112
1 482
2 106
1 514
2 214
1 686
1 356
2 668
1 326
2 342
2 122
1 278
2 140
2 902
1 286
2 162
1 214
1 304
1 306
1 652
1 182
1 206
2 70
1 424
1 576
1 216
2 386
1 200
1 68
1 248
1 178
1 130
1 460
1 120
2 1040
1 288
2 480
1 194
1 334
2 246
1 292
1 160
1 230
2 508
2 542
2 704
1 684
1 208
2 400
2 346
1 174
1 628
1 396
1 294
2 288
1 422
1 232
1 524
2 206
1 180
2 310
2 198
2 152
1 738
2 310
1 160
2 168
1 274
2 310
1 604
2 542
1 246
2 774
2 588
1 626
2 182
2 144
1 264
2 314
1 154
1 252
1 396
2 246
2 702
1 228
2 1600
2 486
2 774
2 398
1 306
2 214
2 244
1 526
1 124
1 138
2 280
2 124
2 618
1 148
2 258
2 176
2 886
2 518
2 676
1 170
1 560
2 332
2 218
1 608
1 652
2 448
1 184
2 286
1 314
2 372
2 210
2 86
2 488
2 1076
1 106
2 102
2 1284
1 144
2 112
2 230
1 606
1 176
2 428
2 782
1 626
2 290
1 626
2 746
1 494
2 500
1 90
2 738
1 400
2 136
2 396
1 402
1 178
2 406
2 304
1 542
2 294
1 644
1 362
1 294
2 376
1 256
1 732
2 524
2 336
2 298
2 740
2 314
2 260
1 398
2 242
2 304
2 320
2 352
1 474
1 426
2 1168
2 622
1 344
2 260
2 264
2 326
2 258
2 116
1 612
2 194
1 298
2 1256
1 200
2 468
1 106
1 136
2 174
1 510
1 84
2 152
1 394
1 504
2 96
1 316
2 252
1 290
1 78
2 786
2 924
2 590
1 80
2 318
1 240
2 104
2 572
2 588
1 278
2 322
1 202
2 210
2 712
2 288
2 108
2 638
1 178
1 368
1 144
2 244
1 422
2 220
1 138
1 240
2 286
1 786
1 266
2 344
2 334
1 116
1 234
2 290
2 828
1 404
1 344
2 134
2 144
1 270
1 88
2 308
2 132
1 850
1 158
2 658
2 106
1 156
2 132
2 388
2 134
2 330
1 164
1 218
2 326
2 226
2 316
1 526
1 146
1 362
1 222
1 62
1 70
1 878
1 522
2 120
1 530
2 122
2 460
2 1712
1 252
1 308
1 318
2 210
1 814
1 548
1 220
2 542
1 74
2 388
1 814
2 130
1 532
1 384
2 428
1 870
2 396
1 100
2 552
2 308
2 484
1 300
2 534
1 228
2 304
2 414
2 118
1 350
1 260
2 624
2 84
2 256
2 236
2 184
2 1350
1 178
2 338
2 430
1 290
1 248
1 524
1 570
1 154
1 340
1 372
2 320
2 154
2 194
2 256
2 364
1 134
2 190
2 442
2 190
2 270
1 252
1 270
2 382
1 192
1 198
1 208
1 138
1 388
1 414
1 646
1 172
2 230
1 232
1 338
2 376
1 316
2 466
1 116
2 348
2 230
2 768
2 244
1 182
1 110
1 290
1 156
2 342
2 660
1 298
1 386
1 914
2 876
1 484
2 152
1 770
2 346
1 702
1 234
2 640
2 1288
1 274
1 142
2 78
1 442
1 204
1 224
1 356
1 200
2 486
2 300
2 154
1 238
1 254
2 388
1 252
1 468
1 342
1 82
2 634
2 780
1 262
1 328
1 1548
2 152
2 204
1 144
2 248
1 244
2 122
1 360
2 592
1 136
1 150
2 254
1 356
1 680
1 138
1 158
2 228
2 86
2 162
2 940
1 1196
2 256
2 276
2 1104
2 170
2 344
2 146
1 346
2 328
1 140
1 140
2 230
2 122
2 182
2 1038
2 332
2 410
2 408
1 162
2 94
2 424
2 192
2 672
2 314
2 130
2 436
2 352
1 372
1 124
1 374
2 448
2 880
1 374
1 150
1 558
1 306
2 140
2 316
2 1008
2 392
2 232
1 594
1 226
2 646
1 258
2 306
1 842
2 818
1 272
2 276
1 286
1 112
2 124
2 68
1 648
2 216
2 140
1 130
2 284
2 128
1 372
2 268
1 596
2 358
2 462
1 352
2 158
1 936
2 374
2 178
1 756
1 166
1 464
1 528
2 104
2 1002
2 520
2 1006
2 288
2 654
2 660
1 130
1 192
2 176
2 120
1 218
1 146
1 546
1 270
2 718
2 124
2 506
1 522
2 786
2 194
2 680
2 476
1 796
2 156
1 350
2 976
2 130
1 80
1 488
1 240
2 126
1 582
1 326
1 1106
2 268
1 166
1 132
1 258
2 562
1 510
1 226
2 224
2 166
1 420
2 154
1 180
2 86
1 274
1 670
2 212
1 240
2 250
1 122
1 66
1 296
2 316
2 164
2 598
1 1536
2 758
1 330
2 132
2 198
2 678
1 394
2 414
1 450
2 816
2 224
1 812
1 412
2 148
1 176
1 382
2 208
2 566
1 346
2 312
1 180
1 560
2 256
2 170
2 120
1 66
2 430
2 86
1 652
1 850
1 234
2 578
2 100
1 324
1 260
2 114
2 224
2 726
1 128
2 124
1 728
1 468
1 260
2 200
2 236
2 246
2 142
1 418
2 68
1 98
1 240
1 134
1 540
1 84
1 104
1 668
1 90
2 114
2 286
1 362
2 312
1 246
1 284
2 376
1 154
2 242
2 300
1 348
2 80
1 308
1 206
2 96
2 372
2 244
2 196
1 370
2 70
1 282
2 320
2 354
2 504
1 178
1 210
2 248
2 284
1 920
1 484
1 1028
1 194
2 88
1 154
1 440
2 468
1 416
1 568
1 360
2 1066
1 334
1 648
1 164
1 402
2 228
2 1464
1 196
1 296
1 532
1 714
1 666
2 358
2 96
2 490
2 248
2 68
2 634
2 320
2 568
1 198
1 194
2 186
2 186
1 582
2 602
2 378
2 172
1 168
1 126
2 708
1 202
1 248
1 776
1 298
2 662
2 120
1 366
1 354
1 740
1 234
2 316
1 402
2 836
1 212
2 284
1 300
1 200
1 402
2 118
2 182
1 740
1 296
2 676
2 604
2 626
2 630
2 718
2 148
1 864
1 510
1 148
1 428
2 210
2 230
2 324
1 152
2 1146
2 188
1 182
2 556
2 132
1 154
1 228
1 336
2 974
2 516
1 606
2 450
2 126
1 190
1 254
2 394
2 662
2 134
2 1022
1 148
1 140
1 314
1 176
1 162
1 500
1 82
2 352
1 640
2 268
2 132
2 104
1 136
1 78
2 706
1 226
1 328
1 586
2 160
2 276
1 252
1 166
1 526
1 896
2 96
1 158
1 214
2 316
1 348
2 102
1 138
1 98
2 312
2 228
2 244
2 164
2 1048
1 436
2 166
1 412
1 834
1 254
1 566
2 272
1 208
1 224
2 906
1 180
1 654
1 116
1 110
2 356
2 568
2 522
2 366
2 664
1 188
2 358
2 150
1 244
1 1498
2 392
2 90
2 824
2 214
1 1336
2 110
1 128
1 180
1 292
2 758
2 272
2 304
2 1072
1 84
1 162
2 128
1 516
2 620
1 188
1 622
1 216
1 336
2 760
1 530
1 258
1 266
2 538
1 186
1 222
1 422
1 368
2 146
2 256
1 422
2 194
1 286
2 90
2 158
2 550
2 294
1 332
1 206
2 324
2 266
2 916
1 1594
1 162
1 324
2 270
2 490
2 94
1 924
1 82
1 282
2 290
2 832
1 264
2 414
1 782
1 820
2 140
1 534
2 262
1 426
2 470
1 430
2 434
2 432
1 1026
2 558
2 292
1 106
2 1098
1 208
2 946
1 222
2 204
2 134
2 104
1 326
1 180
1 180
2 116
2 88
2 406
1 560
2 400
1 578
2 208
1 358
1 250
2 950
2 878
1 222
2 302
1 302
2 386
1 452
1 286
1 574
2 242
1 748
1 488
2 700
1 188
1 498
1 1220
2 392
1 814
1 164
1 116
1 114
2 1472
1 222
2 286
2 166
1 392
2 398
2 370
1 966
2 194
1 398
1 342
1 174
1 236
2 414
2 174
1 496
2 198
1 130
2 822
1 196
2 206
2 168
2 176
1 554
2 370
2 672
2 122
1 408
1 246
2 366
2 206
2 74
1 542
2 230
2 368
2 124
1 206
1 386
1 382
1 124
2 366
1 346
2 402
1 94
2 58
2 314
2 268
2 286
1 948
1 716
1 170
2 228
1 108
1 122
2 188
2 242
1 1258
1 310
2 300
1 352
2 348
2 160
1 276
2 376
2 640
2 92
1 144
1 884
2 294
2 218
2 74
1 170
2 202
2 196
2 286
2 164
2 160
2 136
1 200
2 298
1 186
2 320
1 216
2 982
1 132
1 428
2 560
1 546
2 1190
2 354
1 184
2 268
1 628
1 158
2 348
1 412
1 242
1 142
2 664
2 234
2 416
1 338
2 412
2 162
2 146
2 86
2 802
1 372
1 762
1 84
1 252
1 182
2 400
1 248
1 468
1 210
2 562
1 176
1 244
1 704
2 342
2 110
2 84
2 624
2 182
2 272
2 426
2 816
2 236
1 566
1 140
2 96
2 108
1 254
2 212
1 248
1 258
1 396
2 676
1 78
2 142
2 250
1 392
2 738
1 580
2 146
1 848
1 126
2 750
1 122
1 88
1 870
1 272
2 70
1 404
1 528
2 592
1 450
1 306
2 134
1 444
1 428
2 132
2 862
2 174
1 524
1 292
2 140
1 350
1 122
2 1390
2 174
1 168
1 634
1 176
2 68
1 564
2 168
1 100
2 192
2 262
1 408
2 266
1 242
1 120
2 204
1 270
2 362
1 522
1 332
2 204
2 260
2 80
1 408
2 320
2 1382
1 472
1 434
2 172
1 564
2 514
2 414
1 222
1 458
2 264
1 462
2 192
1 344
1 590
2 444
1 846
1 556
2 240
1 178
1 246
2 260
2 190
1 242
1 186
2 420
1 618
2 308
1 110
1 856
1 932
2 234
2 194
2 950
2 150
2 172
2 186
2 302
2 562
2 892
1 134
1 768
2 466
2 826
1 196
1 140
1 266
1 578
1 76
1 570
1 190
2 158
1 848
1 236
2 370
2 872
1 246
2 172
1 436
1 182
2 538
1 490
2 466
2 332
2 446
2 178
2 390
1 398
1 174
1 546
1 264
1 258
2 124
2 980
2 148
1 930
2 318
2 678
2 286
2 328
1 124
1 584
1 218
1 280
1 260
2 88
1 86
1 168
1 628
2 78
2 144
2 148
2 352
1 188
1 132
2 174
1 178
1 182
2 322
1 430
2 408
1 152
1 130
2 490
1 434
1 122
1 82
2 718
2 298
2 804
2 390
2 808
1 298
1 74
2 174
1 412
2 184
1 298
1 604
2 242
2 912
2 118
1 476
2 286
2 68
2 1152
1 670
1 530
1 202
1 52
2 272
1 162
2 810
1 164
1 262
2 652
1 2140
1 722
2 968
2 152
1 158
1 312
2 318
1 72
1 272
2 434
1 160
1 156
1 482
1 150
1 296
2 266
1 154
1 230
2 564
2 302
2 1108
1 526
2 472
2 376
1 494
2 274
1 232
1 412
2 884
2 476
2 370
1 396
1 500
2 408
1 332
2 608
1 538
1 258
1 326
1 134
1 238
1 830
2 224
1 446
2 510
1 126
2 170
2 696
1 270
1 82
1 208
2 594
2 138
1 458
1 328
1 650
1 164
1 112
1 658
1 408
1 222
2 444
2 740
1 320
1 286
2 646
2 246
1 262
2 302
2 570
2 152
2 56
2 1072
2 366
1 140
1 776
1 274
1 406
2 178
1 506
2 144
2 222
1 614
2 900
2 518
1 482
2 516
1 960
2 314
1 162
1 98
1 68
2 594
2 390
2 900
1 536
1 160
2 446
2 692
2 94
2 768
2 144
2 396
2 808
2 168
2 286
1 374
1 214
1 370
2 880
1 720
1 194
2 384
1 286
2 262
2 186
1 418
1 302
1 406
2 316
1 788
2 266
1 198
1 510
2 356
1 308
1 296
1 710
1 1374
2 818
2 386
1 218
1 556
2 1306
2 198
2 1156
1 190
2 234
2 1896
1 282
2 962
1 476
2 184
1 322
2 180
1 832
2 688
2 674
1 360
2 342
2 156
1 552
2 68
2 192
1 302
1 102
1 254
1 390
1 154
2 230
1 202
2 312
1 568
2 276
1 138
1 470
1 868
2 216
1 464
2 104
2 466
1 230
1 374
1 484
2 256
2 136
1 426
2 146
1 578
1 1370
1 372
1 68
1 910
1 106
2 670
1 294
2 118
2 216
2 136
2 530
1 114
2 356
1 586
2 752
2 258
2 652
1 402
2 362
1 952
1 322
2 182
1 596
2 418
1 412
1 470
2 406
1 486
2 294
1 628
1 696
1 212
2 58
1 886
2 348
2 740
2 618
1 354
1 900
2 176
2 324
2 1198
1 144
1 228
1 670
1 346
2 380
1 510
2 236
1 162
2 656
1 426
1 244
1 1064
1 202
2 712
1 336
1 322
2 356
1 712
1 222
1 308
1 354
2 268
1 280
1 136
2 510
1 306
1 68
2 234
1 204
2 90
2 588
2 252
2 538
2 128
1 914
2 172
1 228
1 94
1 208
2 286
1 158
1 178
1 188
1 1508
1 600
1 408
1 436
1 304
1 794
1 320
2 342
1 138
2 120
1 942
1 100
1 906
2 178
1 80
2 714
2 244
2 332
2 252
1 498
1 566
2 612
1 220
1 418
1 518
2 324
2 122
2 232
1 418
1 406
1 480
2 102
2 94
1 384
1 152
2 740
1 184
1 250
2 120
2 1466
2 216
2 444
1 184
2 828
2 334
1 166
2 460
2 752
2 70
1 516
1 256
2 286
1 532
1 474
1 196
1 198
2 370
2 116
2 550
2 630
1 402
1 302
1 468
1 158
2 66
2 616
2 468
1 474
1 84
1 150
1 288
2 1238
2 204
2 68
2 70
1 196
1 272
2 90
2 620
2 142
1 170
2 112
2 990
2 554
2 714
2 132
1 446
1 420
2 448
1 160
2 112
1 1002
2 146
2 308
2 156
2 268
1 504
1 416
2 1030
1 74
1 624
2 198
2 630
2 192
2 632
1 156
1 216
1 374
2 274
2 610
2 290
2 320
1 426
2 424
2 402
2 82
2 320
1 918
1 112
1 392
2 144
1 160
1 602
2 194
2 394
1 344
2 524
2 366
1 76
2 404
1 1530
1 142
1 312
2 1414
1 454
1 152
2 462
1 730
2 170
2 120
2 318
1 252
2 212
1 148
2 272
1 504
2 610
2 532
1 1058
1 480
2 1052
2 472
1 234
1 692
2 244
2 752
1 550
1 200
1 354
1 512
2 330
1 168
2 112
2 268
1 80
2 170
2 164
1 262
1 196
2 264
2 134
1 846
1 120
2 458
1 860
1 228
1 370
2 730
1 772
1 442
1 504
2 326
2 640
2 164
1 186
1 448
2 286
2 132
1 544
2 1080
2 180
1 260
2 960
2 102
1 134
2 324
1 306
1 288
2 230
1 96
2 712
1 428
1 484
1 184
1 732
2 384
1 512
2 438
1 544
2 98
2 142
2 138
1 202
2 724
1 672
2 586
2 502
1 346
1 158
1 860
2 196
1 176
2 432
1 1158
2 472
1 292
1 332
1 204
1 340
1 246
1 132
1 472
1 172
2 548
1 1056
2 400
2 228
2 94
2 246
2 264
1 496
1 314
1 532
1 324
2 122
2 278
2 210
2 280
2 170
2 270
2 238
1 490
1 736
2 274
1 212
2 510
2 480
2 260
1 216
2 614
1 584
1 298
1 112
1 436
2 270
1 510
2 528
1 242
1 1148
2 450
2 676
1 548
2 500
1 528
1 432
2 640
1 70
2 302
1 644
2 114
2 128
1 134
1 1462
1 654
2 222
1 250
1 88
2 756
2 674
1 432
1 126
2 270
1 1352
1 502
2 78
2 154
1 390
1 238
1 578
1 366
1 152
1 424
2 370
2 162
2 126
1 2186
2 184
2 294
1 192
1 384
1 194
2 610
1 598
1 520
2 300
1 1076
1 140
2 228
1 126
1 120
1 120
2 2256
2 190
1 288
2 578
2 446
1 748
2 370
1 874
2 140
2 124
2 250
2 96
1 320
1 124
2 378
1 78
1 102
2 254
1 550
1 204
1 1036
2 906
1 154
1 406
1 236
2 664
2 364
2 216
2 612
2 170
1 516
1 396
2 584
2 58
2 180
2 372
1 204
2 128
1 420
1 434
2 314
2 796
1 200
1 88
1 398
1 170
2 478
2 340
1 108
2 314
1 526
2 506
1 408
2 256
2 922
1 224
2 182
1 238
2 38
1 550
2 52
1 624
1 326
1 284
1 780
1 452
1 96
1 286
2 98
2 186
1 60
1 360
2 466
2 302
2 182
1 644
1 476
2 290
2 1094
2 568
1 732
1 676
2 452
2 766
1 212
2 290
1 86
1 202
2 96
1 520
1 158
1 960
2 402
1 274
2 160
2 320
2 622
1 192
2 238
1 206
2 158
1 432
2 854
1 182
1 278
1 200
1 432
2 312
1 438
2 238
1 362
2 122
2 412
1 244
2 784
2 494
1 248
1 114
1 1466
1 250
1 394
2 354
2 204
1 268
2 288
2 220
2 200
1 372
2 132
1 422
1 150
1 86
1 200
1 126
1 224
1 238
1 354
2 424
2 78
1 188
2 116
2 174
2 146
1 206
1 564
2 104
2 786
1 208
2 692
2 542
1 1526
1 88
2 148
1 120
2 438
2 668
2 254
1 162
1 644
1 296
2 222
1 884
2 1976
2 812
2 336
1 366
1 382
1 1528
2 996
1 842
1 304
2 136
2 236
2 360
1 592
1 258
1 1320
2 178
2 70
2 102
1 210
1 74
2 312
2 394
2 504
1 274
1 1034
1 198
1 234
1 114
1 638
1 124
2 328
2 626
1 170
1 306
2 386
1 550
1 274
2 420
1 114
2 146
1 376
1 156
2 272
1 308
2 126
2 226
2 482
2 74
1 374
2 592
2 78
1 188
2 598
2 716
2 90
1 594
2 114
2 124
1 334
1 246
1 614
1 210
2 196
1 144
1 226
2 418
2 1062
2 246
1 1028
2 204
2 378
2 378
2 278
2 1140
1 148
1 272
2 154
1 90
1 590
1 448
2 500
1 164
1 288
2 484
2 240
1 258
1 430
1 610
2 196
2 1388
2 122
1 350
2 488
1 310
2 540
1 660
2 182
2 386
1 262
1 730
1 380
2 346
2 366
2 292
1 414
2 342
1 144
1 182
2 762
2 182
2 490
2 246
1 452
2 402
1 176
1 930
1 1058
1 156
2 950
2 254
2 422
1 678
1 388
2 204
1 1124
1 490
2 346
2 252
2 372
2 658
1 148
2 182
2 80
1 402
1 98
1 132
2 176
1 164
2 170
2 462
2 334
2 188
2 366
1 290
1 554
2 248
1 90
1 172
2 136
2 548
2 140
1 390
1 2596
1 354
2 142
2 610
1 238
2 594
1 462
2 260
2 314
1 184
1 374
2 364
2 614
2 458
2 688
1 82
1 824
1 450
1 78
2 934
1 200
1 236
2 154
1 818
1 114
1 342
2 198
2 196
1 992
1 148
2 506
1 232
1 594
1 136
2 112
2 280
1 442
2 822
2 282
2 198
1 830
2 144
2 530
1 452
2 434
2 142
1 464
1 130
1 526
1 240
1 210
2 456
2 320
1 870
2 258
1 410
2 304
1 180
2 304
2 140
2 610
1 380
1 466
1 218
1 876
2 142
1 192
2 202
2 284
2 446
2 294
1 160
2 206
2 336
2 812
2 254
2 278
2 170
1 202
2 186
1 422
2 832
2 204
1 464
1 242
1 610
1 344
2 70
1 180
1 280
1 62
2 254
2 540
2 134
1 342
2 430
1 142
1 126
1 554
1 162
2 1102
1 450
2 176
1 566
2 128
2 392
1 176
2 126
2 324
2 182
2 218
1 400
1 112
2 1398
2 430
2 246
2 248
2 200
1 250
2 202
2 806
2 526
1 258
1 390
1 382
2 128
1 172
2 254
2 692
1 428
1 124
1 464
2 354
2 272
2 140
1 202
2 128
2 238
2 666
1 316
1 332
1 272
2 354
2 212
1 538
2 308
1 432
2 192
2 102
1 242
2 616
2 654
1 582
1 158
1 200
2 144
1 320
1 150
1 200
2 256
1 426
1 338
2 784
1 206
2 128
1 206
2 102
2 136
1 354
2 370
2 162
2 622
1 314
2 120
1 244
1 126
1 606
1 298
2 472
1 276
1 340
1 52
2 204
1 148
2 372
1 354
2 804
2 886
1 74
1 134
2 132
1 160
1 134
2 158
1 514
1 252
1 246
1 276
2 92
1 138
1 240
1 202
1 124
1 188
2 196
2 242
2 134
2 276
2 212
1 170
1 1682
1 134
1 290
1 444
1 688
1 104
1 78
1 1284
1 176
1 616
2 102
2 564
2 244
2 290
1 258
1 172
2 734
1 396
1 354
1 150
2 450
2 204
1 66
1 86
2 844
2 208
2 258
2 862
1 534
1 188
2 802
1 188
1 154
1 508
1 748
2 996
2 154
2 174
1 198
2 142
1 502
2 148
2 246
2 954
2 356
1 186
2 260
2 174
1 264
2 468
1 224
1 224
2 416
1 508
2 338
1 514
1 1120
2 230
1 252
1 262
2 184
1 270
2 120
1 136
1 248
1 270
1 872
2 430
2 272
1 196
2 614
1 94
1 548
1 372
1 728
2 318
1 340
1 128
1 880
1 370
2 158
1 184
1 656
1 266
2 220
1 194
1 616
1 854
2 222
2 492
1 438
1 1216
2 388
1 286
1 222
2 356
1 138
1 78
2 252
1 398
2 438
2 422
2 318
2 392
2 468
1 96
2 340
1 232
2 196
1 126
2 98
2 882
2 402
2 282
2 240
2 582
1 312
2 262
1 338
1 2444
1 306
1 160
1 218
1 178
1 130
1 1212
1 226
2 960
1 564
2 270
2 346
2 510
2 112
2 110
1 402
1 572
1 1094
1 160
2 364
2 378
2 112
1 350
2 426
2 452
2 378
1 182
1 118
1 162
1 116
2 780
2 290
1 174
1 344
2 640
2 200
2 222
2 490
1 200
1 692
1 74
1 174
2 706
2 108
2 226
1 650
1 1196
1 96
1 334
1 234
2 274
1 68
1 592
1 298
2 82
2 1116
1 224
1 508
2 180
1 490
2 186
1 788
1 496
2 512
1 160
2 94
2 1008
1 264
1 246
2 196
1 400
2 322
2 160
1 108
2 774
2 124
2 248
2 444
2 646
2 516
2 292
1 282
1 196
1 332
1 80
1 336
2 970
2 404
2 452
1 130
1 1214
1 1788
2 108
1 194
1 598
2 312
1 1176
2 288
1 702
1 360
1 566
2 262
2 156
2 318
2 166
2 282
1 566
1 162
1 280
2 346
1 428
1 258
1 898
1 174
2 384
1 362
2 474
2 94
2 494
2 104
2 126
1 898
2 168
2 632
2 194
2 138
2 658
2 192
1 232
1 106
1 110
1 268
1 780
2 430
1 214
1 274
2 480
1 280
2 438
1 572
1 86
1 286
2 532
1 594
1 164
2 246
1 168
1 826
2 256
1 60
1 332
1 726
1 898
1 366
1 328
1 146
2 148
1 258
2 124
2 124
1 370
1 634
2 104
2 220
2 164
1 178
1 580
1 236
1 196
2 292
2 212
1 400
1 204
1 222
1 578
2 136
2 64
2 264
2 306
2 380
1 184
1 618
2 74
1 206
2 212
1 338
1 756
1 746
2 478
1 412
1 240
2 106
1 1140
2 502
2 200
2 120
2 324
1 370
1 96
2 468
2 110
2 116
2 178
1 182
1 43
1 101
2 145
2 37
1 146
2 86
1 214
1 338
1 156
1 81
2 31
1 76
1 146
2 400
2 28
2 51
1 481
2 75
1 72
1 72
2 73
1 71
2 148
2 105
1 220
2 456
1 135
1 233
2 73
1 121
2 151
1 111
2 64
2 163
1 83
1 356
1 189
2 117
2 118
2 119
2 120
2 121
2 122
2 123
2 124
2 125
2 126
2 127
2 157
2 190
1 120
2 539
2 153
1 148
1 291
2 157
2 96
1 251
2 234
2 378
1 114
1 639
1 640
1 641
1 642
1 643
1 644
1 645
1 646
1 647
1 648
1 649
1 650
1 651
1 652
1 653
1 654
1 655
1 656
1 657
1 658
1 659
1 660
1 661
1 662
1 663
1 664
1 665
1 666
1 667
1 668
1 669
1 670
1 671
1 672
1 673
1 674
1 675
1 676
1 677
1 678
1 679
1 680
1 681
1 682
1 683
1 684
1 685
1 686
1 687
1 688
1 689
1 690
1 691
1 692
1 693
1 694
1 695
1 696
1 697
1 698
1 699
1 700
1 701
1 702
1 703
1 704
1 705
1 706
1 707
1 708
1 709
1 710
1 711
1 712
1 713
1 714
1 715
1 716
1 717
1 718
1 719
1 720
1 721
1 722
1 723
1 724
1 725
1 726
1 727
1 728
1 729
1 730
1 731
1 732
1 733
1 734
1 735
1 736
1 737
1 738
1 739
1 740
1 741
1 742
1 743
1 744
1 745
1 746
1 747
1 748
1 749
1 750
1 751
1 752
1 753
1 754
1 755
1 756
1 757
1 758
1 759
1 760
1 761
1 762
1 763
1 764
1 765
1 766
1 767
1 768
1 769
1 770
1 771
1 772
1 773
1 774
1 775
1 776
1 777
1 778
1 779
1 780
1 781
1 782
1 783
1 784
1 785
1 786
1 787
1 788
1 789
1 790
1 791
1 792
1 793
1 794
1 795
1 796
1 797
1 798
1 799
1 800
1 801
1 802
1 803
1 804
1 805
1 806
1 807
1 808
1 809
1 810
1 811
1 812
1 813
1 814
1 815
1 816
1 817
1 818
1 819
1 820
1 821
1 822
1 823
1 824
1 825
1 826
1 827
1 828
1 829
1 830
1 831
1 832
1 833
1 834
1 835
1 836
1 837
1 838
1 839
1 840
1 841
1 842
1 843
1 844
1 845
2 419
2 145
2 146
2 147
2 148
2 149
2 150
1 2041 500
2 500
2 153
1 69
1 70
1 268
1 197
2 47
2 48
1 428
2 370
2 371
2 619
2 620
2 262
2 138
1 389
2 292
2 107
2 193
1 181
1 78
1 80
2 191
1 48
2 104
1 90
1 112
2 163
2 336
2 107
1 245
2 78
2 122
2 90
1 146
1 245
1 72
1 401
1 882
1 883
2 52
1 125
1 752
1 753
1 142
2 217
2 218
2 120
2 48
2 349
1 186
1 135
2 84
2 68
2 65
2 66
2 186
2 187
2 92
1 201
1 203
2 238
2 321
2 322
2 30
1 428
2 98
2 360
2 101
2 192
1 155
2 222
2 364
2 775
1 473
2 111
1 158
1 138
2 193
2 194
2 85
2 109
2 290
2 291
1 210
1 211
1 198
1 149
1 133
1 125
2 153
1 81
2 269
1 669
1 230
1 145
1 162
1 178
2 63
2 363
1 170
2 177
2 186
1 112
1 337
1 67
1 174
2 383
1 221
2 160
2 416
2 461
2 250
2 433
2 110
2 195
2 49
2 351
1 78
2 361
1 337
1 240
2 129
2 40
2 67
1 235
1 280
1 70
1 52
1 103
2 199
2 502
1 281
2 57
1 120
2 74
1 300
1 84
1 77
1 131
2 102
1 265
1 252
1 712
1 104
1 120
2 31
1 106
1 333
1 201
1 346
2 264
2 307
2 340
1 94
2 395
2 172
2 69
2 160
1 141
1 60
2 330
2 534
2 49
2 345
1 82
1 198
2 99
1 248
1 696
2 45
1 72
1 37
2 254
2 598
2 414
2 74
2 98
2 253
1 133
1 134
2 277
1 90
2 66
1 67
1 206
1 103
1 297
2 510
1 86
1 196
2 145
1 284
1 252
1 149
2 51
2 264
2 202
1 138
1 217
2 211
2 265
2 521
1 243
2 221
1 47
1 130
2 28
1 421
1 140
1 83
1 102
1 487
2 345
1 297
2 156
1 101
2 121
2 84
2 303
1 132
2 50
1 86
1 313
2 58
2 144
2 60
1 190
1 45
2 102
1 281
2 169
1 80
1 328
1 265
2 616
1 90
2 113
1 50
2 143
1 56
1 599
2 137
2 140
2 152
2 140
1 118
1 159
2 149
1 131
1 114
2 183
1 982
1 70
2 74
2 242
2 114
2 121
2 113
2 372
1 762
2 196
1 80
2 276
1 127
2 219
2 44
1 300
2 187
2 440
2 223
1 103
2 305
2 201
2 80
1 125
1 89
1 121
1 75
1 255
2 228
1 173
1 459
1 550
1 86
2 634
2 329
2 674
1 80
2 527
1 69
2 143
2 138
1 221
2 184
1 160
1 104
1 125
2 51
1 62
2 306
2 79
1 582
1 105
2 369
1 98
1 122
2 67
2 191
1 664
1 114
1 614
1 297
1 202
2 85
2 464
2 166
1 52
2 348
1 93
2 212
2 68
1 264
1 214
1 239
2 93
1 138
2 452
2 76
1 205
2 167
2 702
2 184
1 322
1 398
1 298
2 72
2 21
1 154
2 88
1 91
2 130
1 270
1 242
1 87
1 339
2 378
1 318
2 90
1 133
1 56
1 166
1 604
1 57
2 455
1 500
2 183
2 197
2 35
1 175
2 109
2 287
1 290
2 235
2 524
1 260
1 97
2 538
1 131
2 241
1 56
2 77
2 129
1 119
2 267
1 530
1 109
2 156
1 470
1 164
2 279
1 391
1 266
2 76
2 42
1 303
2 33
2 204
2 124
1 62
1 99
2 92
1 214
1 306
2 238
2 46
2 483
2 334
2 195
1 155
1 701
2 112
2 336
1 133
1 168
2 298
1 131
2 329
1 75
1 190
2 102
1 110
2 82
1 78
2 162
2 181
2 47
1 105
1 55
1 78
1 125
2 69
2 102
2 106
2 319
1 89
1 179
1 207
1 249
2 148
1 160
2 70
2 103
2 209
1 116
2 294
1 158
1 147
1 166
2 538
1 53
1 82
2 437
1 1081
1 222
2 236
1 275
1 269
2 493
1 634
1 505
2 65
2 48
2 425
2 279
1 92
1 63
1 355
2 357
1 41
2 350
1 116
1 111
1 81
1 160
2 257
1 55
2 71
2 76
2 410
1 146
2 175
2 403
2 154
2 121
2 55
2 430
1 624
1 224
2 93
1 21
2 66
2 912
1 508
1 236
2 319
1 192
2 886
1 191
1 85
2 119
1 139
2 42
2 196
2 142
1 149
1 128
1 132
2 281
1 101
2 113
1 113
2 640
1 142
2 68
1 66
2 103
1 284
2 218
1 174
2 154
2 147
2 130
2 60
2 230
2 93
2 136
1 173
1 73
2 257
1 239
1 202
2 59
1 113
1 364
1 162
2 966
1 184
2 178
2 168
1 84
2 64
2 52
1 51
1 625
1 177
2 159
2 330
1 333
2 131
1 164
2 198
2 130
1 83
1 83
2 198
1 115
1 156
2 163
2 472
2 400
1 268
1 78
1 404
2 316
2 104
2 138
1 207
2 218
2 274
1 154
1 141
2 217
2 58
1 203
2 499
1 51
1 97
2 76
1 206
1 76
1 39
1 192
2 136
1 40
1 260
2 69
1 299
1 101
1 90
2 471
2 258
2 454
2 143
1 377
2 252
2 61
1 218
2 188
2 236
2 58
2 57
2 96
2 322
1 149
1 50
1 109
2 153
2 115
2 227
1 384
2 254
1 76
1 298
1 363
2 197
2 163
2 66
2 532
2 83
1 170
1 199
2 185
1 238
2 255
2 298
2 66
2 165
2 335
2 239
1 116
2 75
1 288
2 109
2 101
2 163
1 220
2 181
1 75
2 402
1 160
1 212
1 66
1 320
2 285
2 112
2 125
2 62
2 678
2 133
2 602
1 116
2 284
1 135
1 63
1 253
2 91
2 128
1 83
1 529
2 258
2 279
2 147
2 57
2 192
1 127
2 236
2 157
2 110
2 94
2 265
2 496
1 393
1 98
2 390
1 352
2 155
1 133
2 65
1 224
1 263
2 45
1 242
1 107
1 255
2 279
2 300
2 145
2 190
1 89
2 243
1 151
1 117
2 40
1 150
1 687
1 148
1 251
1 101
1 132
1 80
1 110
1 129
2 92
2 182
2 286
1 103
1 898
2 44
1 77
1 201
2 72
2 393
2 297
1 89
2 72
1 302
1 106
1 127
2 121
1 31
2 234
1 60
1 110
2 235
2 633
2 70
2 416
2 103
1 395
1 339
2 163
2 199
1 41
2 61
2 234
1 123
2 105
1 173
2 145
1 264
1 315
2 91
1 123
1 207
2 89
2 322
1 418
1 317
2 82
1 87
1 204
2 83
2 554
2 127
1 277
2 422
1 325
1 66
2 781
2 47
1 249
1 185
2 68
2 176
2 290
2 256
1 281
2 106
1 212
2 225
1 571
2 105
1 365
2 68
1 199
1 191
1 70
2 54
1 146
2 310
1 119
1 343
1 170
2 17
2 191
1 93
1 196
1 383
1 645
2 356
1 1005
2 168
2 191
1 405
1 78
1 122
2 275
1 239
1 438
1 425
2 64
2 65
2 199
1 174
1 104
1 112
2 237
2 87
2 57
1 111
1 37
1 75
2 99
1 151
2 180
1 81
1 121
1 125
1 72
1 50
1 190
1 46
1 405
2 60
2 189
2 573
1 149
1 177
1 277
1 204
1 428
2 87
1 729
1 203
2 142
1 336
2 172
1 290
2 143
2 90
2 107
1 47
1 139
1 300
2 117
1 216
1 131
2 159
1 48
2 222
1 366
2 46
2 90
1 419
2 147
1 31
2 365
2 335
1 198
1 125
2 377
2 272
2 344
2 81
2 336
2 127
2 348
1 202
1 305
2 349
2 239
2 53
1 235
1 81
1 115
1 912
1 118
1 348
1 702
1 112
1 92
1 121
1 293
2 193
1 130
2 36
2 104
2 291
1 581
1 40
1 224
2 110
1 335
2 52
1 68
2 205
1 79
1 173
2 318
2 55
1 225
2 378
1 226
2 172
2 60
1 148
2 172
2 95
1 238
1 629
2 443
2 200
2 212
1 295
2 179
2 465
2 605
2 727
1 190
1 79
2 217
1 29
1 102
1 135
1 248
2 206
1 407
2 102
1 81
2 205
2 132
2 363
1 163
1 61
1 310
1 50
1 70
2 431
2 90
1 36
2 83
2 450
2 431
1 311
2 593
1 81
2 295
1 100
1 317
2 260
1 157
2 136
2 902
2 33
1 169
2 269
2 132
1 36
1 166
1 63
1 384
2 241
1 205
1 52
2 286
2 150
1 606
1 147
2 272
1 766
1 142
1 71
1 74
1 153
2 86
1 81
1 211
1 394
1 203
2 53
1 183
1 230
1 82
1 181
2 184
2 124
1 386
1 175
1 326
1 122
1 175
1 208
1 701
2 126
2 374
2 435
1 393
1 364
1 279
1 187
1 45
1 132
2 237
1 149
2 283
1 273
2 288
1 538
2 318
2 55
2 61
2 87
2 205
1 90
1 130
2 127
2 117
2 181
1 432
2 216
1 433
2 69
1 80
1 326
2 209
2 109
1 78
1 254
2 384
2 37
2 290
1 72
1 143
1 432
2 137
1 212
2 458
1 41
2 335
1 176
2 176
2 302
1 56
2 236
1 152
2 354
2 166
1 110
2 412
1 183
2 142
1 106
1 66
2 401
1 95
2 166
2 305
1 300
1 152
2 142
1 306
1 336
1 100
2 136
1 74
1 148
2 287
2 448
2 177
2 378
2 77
2 106
2 225
1 139
1 333
2 312
1 307
1 274
2 350
2 104
2 90
1 156
1 52
2 196
2 169
1 197
2 282
1 214
1 441
2 146
2 133
1 226
1 149
2 103
1 314
2 208
1 76
2 124
2 114
1 73
2 60
2 589
2 391
2 61
1 231
1 529
1 152
2 188
2 268
2 230
1 93
2 95
1 725
2 120
2 131
2 254
1 426
1 90
1 271
1 39
2 97
2 245
2 140
1 133
2 161
2 309
2 222
2 320
1 85
2 143
1 240
1 206
1 174
1 267
2 109
1 61
2 241
1 534
2 135
1 75
2 484
1 286
1 300
1 224
1 544
1 175
2 115
2 185
1 184
1 53
2 136
2 335
2 158
2 218
2 244
2 112
1 113
2 96
2 110
2 125
2 119
1 126
2 504
1 64
1 449
2 85
2 380
2 147
2 174
1 405
2 173
1 501
2 77
1 79
1 162
2 112
1 386
1 115
1 961
1 65
1 230
1 204
2 124
2 91
1 128
1 26
2 127
2 129
2 123
2 365
1 45
1 53
2 198
2 84
1 470
1 208
2 225
1 191
1 145
2 456
1 162
1 151
2 87
1 79
2 167
1 182
2 197
1 243
2 168
1 71
2 61
2 550
1 446
1 81
2 163
1 62
2 40
1 118
2 420
1 107
1 88
1 131
1 108
1 140
2 51
1 177
1 274
1 501
2 224
2 32
2 167
2 282
1 401
1 120
1 68
1 91
1 113
1 515
2 296
1 297
2 138
1 85
1 552
1 429
2 122
1 179
1 213
1 149
2 207
1 142
2 89
1 84
1 584
2 151
1 228
1 135
2 57
2 130
1 82
2 137
1 53
2 264
2 64
1 244
1 128
2 142
2 37
1 174
2 170
2 293
2 447
1 159
2 225
1 232
2 212
1 63
1 76
1 311
2 230
1 128
1 40
2 117
1 193
1 47
1 348
2 187
1 109
2 280
1 597
2 173
1 282
2 362
1 100
2 142
2 741
1 109
2 132
1 123
2 95
1 138
2 177
2 318
2 78
1 221
2 738
1 166
1 209
1 118
1 90
2 361
2 223
2 75
1 562
2 272
2 267
1 60
2 56
1 117
1 235
2 306
1 513
1 143
1 336
1 293
1 96
2 126
2 220
2 49
2 57
1 199
2 59
2 389
2 46
1 176
2 167
1 121
1 391
2 121
1 155
1 111
2 157
1 54
2 45
2 101
2 84
1 191
1 313
2 82
1 163
1 1131
2 45
2 620
2 269
2 161
1 392
2 81
1 153
2 120
2 200
1 61
1 562
2 109
1 373
1 65
1 149
1 120
1 138
2 97
1 606
1 53
2 245
1 385
1 119
1 55
2 253
1 65
2 33
1 36
2 353
2 291
2 219
2 72
2 113
2 300
2 434
2 87
1 605
2 674
2 285
1 336
1 269
1 698
2 251
2 256
1 77
2 60
2 152
1 101
1 122
1 686
2 134
1 265
2 272
1 472
2 154
1 139
1 212
1 180
2 160
1 98
1 147
2 96
1 570
1 102
1 44
1 407
1 116
2 200
1 94
2 120
1 380
2 110
1 97
1 378
2 109
2 118
2 189
1 64
1 107
1 145
2 170
1 65
1 506
2 176
1 138
2 149
2 359
2 230
2 118
1 414
2 71
2 150
2 124
2 95
1 90
1 214
2 145
1 74
1 65
1 227
2 278
2 181
1 261
2 301
1 106
2 109
1 145
2 302
1 225
2 136
2 110
2 394
2 117
1 70
1 153
1 22
1 138
2 173
1 328
1 80
1 159
2 116
2 750
1 98
2 336
1 367
2 64
1 111
1 98
1 128
1 282
1 80
2 83
1 160
2 80
1 89
2 113
2 94
2 48
1 96
1 307
2 177
2 166
1 139
2 164
1 154
1 78
2 426
2 782
2 63
1 175
1 624
2 61
1 98
1 33
2 79
2 73
1 190
1 739
2 293
1 136
2 99
2 351
2 219
2 451
1 34
2 63
1 230
1 57
2 81
1 116
1 115
1 113
2 366
1 380
2 78
2 81
2 551
2 119
2 133
2 350
2 493
1 348
1 360
2 287
2 70
1 188
1 177
2 127
1 314
2 137
1 128
1 106
2 93
2 273
2 279
1 84
1 81
2 541
1 105
1 533
1 405
1 189
1 467
2 310
1 142
1 151
2 154
1 213
2 41
1 257
2 101
1 122
1 108
1 233
1 497
2 233
1 76
2 200
1 322
1 101
1 120
2 244
2 74
1 75
2 196
1 305
2 374
1 196
1 218
2 274
2 162
1 546
2 307
2 114
1 149
2 37
2 253
1 74
1 47
1 201
1 62
2 50
1 131
1 171
1 96
1 536
1 184
1 67
1 111
2 204
1 286
2 113
2 57
1 67
1 136
2 192
1 167
2 301
1 82
1 274
2 163
1 204
1 138
2 65
1 88
1 178
1 57
2 102
2 219
1 135
2 202
2 62
2 297
2 260
2 519
1 180
2 121
1 162
2 319
2 144
1 183
2 31
2 102
2 209
2 252
2 243
2 119
1 60
1 103
2 69
2 64
2 78
1 179
1 93
2 183
1 110
2 156
2 232
1 680
2 105
1 120
1 48
2 315
2 291
1 54
2 82
2 45
2 123
2 231
2 120
2 246
2 346
1 371
2 53
1 110
2 67
1 125
2 386
2 190
1 180
1 499
2 63
1 102
1 103
2 138
2 89
2 64
1 135
2 153
2 333
1 404
1 366
2 108
2 106
2 251
1 280
1 80
2 183
1 141
1 261
2 344
2 629
2 84
1 75
1 362
1 222
1 274
2 74
1 295
2 187
2 440
2 150
1 212
2 190
2 98
1 267
1 191
2 414
1 197
2 197
1 237
2 44
1 92
2 108
2 155
2 324
1 144
1 188
2 762
1 295
2 127
1 42
1 155
2 385
2 127
1 88
1 181
2 111
1 97
1 355
1 212
2 83
1 228
1 510
2 137
2 77
1 265
2 58
1 66
2 525
2 326
1 169
1 106
1 122
2 34
2 217
2 383
2 57
2 263
1 256
1 223
2 89
2 89
1 349
1 71
1 75
1 106
1 132
1 80
1 127
2 126
2 124
2 74
1 54
2 282
1 289
2 126
2 238
2 143
1 268
2 81
2 83
1 120
2 44
1 118
2 46
2 165
2 28
1 189
2 60
2 238
2 70
2 227
1 238
2 213
1 598
1 231
2 669
1 197
2 263
1 170
2 357
2 1170
2 423
1 192
1 437
1 172
2 172
2 122
2 237
2 259
1 496
1 341
1 149
2 399
1 103
1 114
2 179
2 40
2 259
2 51
1 390
1 129
1 98
2 160
1 294
2 87
1 128
2 357
1 525
1 176
1 184
2 213
1 164
2 75
2 79
2 157
1 60
2 132
2 746
2 151
1 428
1 1082
1 72
1 227
1 221
1 197
1 286
1 63
1 163
2 333
2 331
2 71
2 133
2 554
1 192
1 638
2 57
2 59
1 244
2 113
1 210
1 65
1 161
2 61
1 130
2 187
1 230
1 218
2 128
1 200
1 124
1 155
1 92
2 235
2 372
2 86
2 106
2 92
1 186
1 447
1 49
2 419
2 483
1 280
1 71
2 312
2 218
2 474
2 137
2 427
1 440
2 103
2 66
1 206
2 188
2 384
1 183
2 166
2 394
2 154
1 88
2 339
1 192
1 66
1 217
1 141
1 133
2 229
2 197
1 101
2 298
2 361
2 101
2 64
1 43
2 76
1 162
2 213
2 135
1 121
1 151
2 220
1 288
1 57
1 258
2 449
1 284
1 51
1 491
1 104
2 80
2 333
1 286
2 115
2 114
2 103
2 745
2 35
2 240
1 66
1 219
1 116
1 275
1 237
1 257
2 652
2 219
1 337
1 255
2 213
1 307
2 480
1 43
1 425
1 667
1 169
2 139
1 155
1 112
1 338
1 117
1 116
1 175
2 344
2 413
1 367
2 68
1 39
2 176
1 50
2 138
2 172
2 95
1 192
2 327
1 43
2 580
1 131
2 353
1 295
1 106
2 94
2 493
1 133
1 363
2 162
1 210
2 86
1 243
1 279
1 241
1 1005
1 125
2 572
2 147
2 267
1 288
2 234
1 51
1 280
2 165
2 281
1 355
1 93
2 177
2 95
1 212
2 86
2 40
1 247
2 151
2 470
1 204
2 41
1 156
1 111
2 219
1 286
1 446
2 88
2 241
2 145
1 436
1 711
2 308
2 145
1 122
2 36
2 93
1 414
2 71
2 174
2 119
1 409
1 220
1 53
2 79
2 269
2 52
2 97
2 100
1 132
1 366
2 80
2 34
2 184
2 62
2 145
1 63
2 83
2 547
1 402
2 221
1 312
2 52
2 76
2 69
2 178
1 372
1 126
2 107
2 46
1 97
1 97
2 114
1 111
2 150
1 280
1 73
1 465
1 431
2 289
2 86
1 332
2 53
1 382
2 112
1 122
2 238
2 83
2 422
1 173
1 82
1 116
1 290
1 158
2 247
2 247
2 198
2 567
2 164
2 63
2 54
2 390
1 184
1 158
1 187
2 61
2 136
1 239
1 125
1 180
2 45
1 141
2 351
1 114
1 106
1 197
1 155
2 368
2 244
2 269
2 141
1 183
1 706
1 162
1 793
1 85
2 72
1 90
2 125
1 29
1 103
1 205
1 348
2 81
1 68
1 118
2 38
1 313
2 319
1 322
2 259
2 205
1 201
1 42
2 68
2 87
2 375
1 231
2 332
1 298
1 123
1 122
1 53
1 35
1 199
1 73
1 41
1 126
2 247
1 32
1 139
2 235
2 668
2 317
2 283
2 413
1 300
1 43
2 320
1 93
2 160
2 163
2 100
2 370
1 209
2 115
2 373
1 167
2 171
2 506
2 94
2 243
1 151
1 276
1 215
1 222
1 366
2 113
2 91
1 165
1 121
1 124
1 108
1 450
1 250
2 149
1 124
2 106
2 72
2 91
2 100
2 218
2 381
2 172
1 248
1 134
2 131
1 77
1 158
1 164
2 42
1 58
1 127
1 672
1 162
2 93
1 177
2 568
2 63
1 250
2 426
2 260
1 705
2 478
1 150
1 127
1 45
2 159
2 246
2 78
2 57
2 95
1 122
1 102
2 163
1 149
2 39
1 126
2 153
1 127
2 71
1 140
1 403
1 256
1 278
1 83
2 401
1 78
2 89
2 57
1 41
2 919
1 282
1 193
2 233
1 310
1 101
2 73
2 184
1 268
1 105
1 76
2 451
1 78
1 57
1 281
1 40
2 452
1 211
1 155
1 67
2 163
2 141
2 268
1 212
1 218
1 300
2 79
1 121
1 116
1 252
2 122
2 42
2 186
2 58
1 116
1 22
1 597
2 310
1 260
2 265
1 143
1 721
2 239
2 137
1 173
2 138
2 154
1 480
2 223
1 327
2 156
2 382
1 231
2 319
1 383
2 108
1 257
2 113
2 389
1 253
2 92
1 45
2 263
1 343
2 90
2 266
1 73
2 268
1 125
2 124
1 368
2 70
1 101
2 249
2 104
2 125
1 93
1 85
1 184
2 131
1 487
2 71
2 169
2 98
1 356
2 476
2 114
1 503
2 99
1 81
2 109
2 283
2 810
2 109
2 126
1 100
2 91
2 157
1 121
2 63
1 270
2 137
2 294
1 77
2 201
2 304
1 405
2 517
1 319
2 49
1 262
2 94
2 256
1 463
2 256
1 310
1 108
2 72
1 69
1 212
2 115
2 186
2 140
2 664
1 1111
1 111
2 382
2 168
2 285
1 126
1 459
1 88
2 104
2 358
2 95
2 180
1 280
2 394
1 147
2 75
2 142
1 178
1 317
1 379
1 491
2 84
1 268
1 98
1 227
2 135
1 52
1 48
1 159
2 272
2 29
2 220
1 67
1 107
1 66
1 56
1 88
2 169
2 92
1 131
1 243
1 433
1 114
2 301
1 234
1 179
2 171
1 295
1 173
1 63
2 131
1 94
1 154
2 287
1 59
1 76
2 267
2 158
2 49
1 404
2 389
1 232
2 637
1 77
2 162
1 346
2 194
2 430
1 160
2 56
2 288
2 265
2 245
1 285
2 78
2 425
1 134
1 166
1 65
1 142
1 176
1 189
2 792
2 133
1 74
2 289
2 86
2 438
1 145
1 118
2 33
1 71
2 245
2 42
2 684
2 432
2 134
1 591
1 79
1 118
2 86
1 90
2 219
1 177
2 145
1 343
1 263
2 61
2 180
2 198
1 115
2 152
1 577
1 72
1 199
1 251
2 122
1 165
2 312
1 819
2 237
1 47
1 164
2 159
1 31
2 175
2 123
2 36
2 79
2 136
2 150
2 106
1 117
1 81
1 27
2 114
2 53
1 134
1 63
1 143
2 166
1 140
2 68
2 87
2 86
1 124
2 85
2 211
2 107
2 63
1 414
1 64
1 141
2 308
1 37
2 35
2 109
2 78
2 129
1 147
2 159
2 65
2 155
1 282
2 336
1 58
2 251
1 267
2 83
1 260
1 59
1 81
1 80
2 177
2 110
2 38
1 169
2 163
2 51
2 119
2 128
2 100
2 153
1 332
2 410
1 299
1 73
2 308
2 80
1 51
2 374
2 242
2 93
2 169
1 230
2 156
1 313
2 279
2 371
1 108
2 102
2 124
2 321
1 272
2 217
2 142
2 63
2 184
1 71
2 188
1 278
1 268
1 280
1 173
1 236
1 59
1 211
2 101
2 49
1 410
1 117
1 129
2 110
2 181
2 104
1 88
1 185
2 179
2 73
1 147
2 287
1 406
2 70
1 372
1 131
1 240
2 375
1 89
1 414
1 67
2 161
2 365
1 144
1 164
1 261
1 190
1 306
1 174
2 42
1 288
2 393
2 137
1 527
2 162
1 59
1 41
2 50
2 223
2 334
2 147
1 236
2 456
1 87
2 356
1 345
2 456
2 281
1 46
1 259
1 217
2 273
2 18
1 153
2 237
2 366
1 198
1 93
2 545
2 205
2 190
1 131
2 267
2 30
1 186
2 152
1 143
1 419
2 483
1 171
2 133
1 62
2 303
2 295
1 233
2 73
2 91
1 295
2 58
2 48
2 217
1 171
2 340
1 73
1 70
2 165
2 63
2 82
2 354
2 73
2 82
2 207
2 159
1 159
2 133
2 94
2 623
1 129
1 145
2 264
1 146
2 79
1 202
2 177
2 116
2 132
2 89
2 145
2 93
1 186
2 55
1 290
2 330
2 222
2 151
2 136
2 78
2 89
1 66
2 153
2 301
2 241
2 167
1 450
2 206
2 120
1 65
1 124
2 369
1 58
2 45
1 108
1 216
2 25
1 738
2 113
2 181
1 109
1 102
2 45
2 125
2 123
2 282
2 71
1 83
1 173
1 64
1 259
2 75
2 567
1 492
2 271
2 92
1 71
1 150
1 77
2 361
1 436
2 30
1 212
1 77
2 497
1 46
2 449
2 70
2 78
2 383
2 369
2 120
1 180
2 223
1 26
2 208
2 48
1 18
1 363
2 78
1 219
2 75
1 61
1 38
2 114
1 149
2 172
2 324
1 199
1 139
2 109
1 118
1 330
1 60
2 110
1 107
2 109
2 65
1 356
1 89
2 83
1 109
1 548
2 248
1 162
2 112
1 48
2 93
1 123
2 142
2 70
1 64
2 71
2 217
2 214
2 68
1 362
1 114
2 61
1 92
2 68
1 72
1 250
1 161
1 43
1 58
2 273
2 110
1 68
2 90
1 144
2 121
1 86
1 116
2 234
1 59
1 118
2 56
2 127
1 115
1 335
2 80
2 179
1 53
2 215
1 111
2 156
1 30
1 108
1 65
2 405
2 180
1 210
1 257
1 135
1 36
2 103
2 80
2 149
2 354
2 67
2 93
1 184
1 99
2 95
2 525
2 262
2 80
2 426
1 232
2 247
1 267
1 485
1 99
1 346
1 114
1 212
1 272
1 207
1 65
2 174
1 452
1 357
2 81
2 456
2 388
1 151
1 129
1 553
1 107
2 226
1 47
2 184
2 139
2 428
1 569
1 308
2 235
2 97
1 94
2 105
2 140
1 127
2 401
2 187
2 130
2 62
1 180
1 119
2 146
2 92
1 121
1 223
2 147
2 218
1 157
1 426
1 134
2 305
2 56
2 58
1 41
2 652
2 134
1 61
2 104
1 839
1 468
1 111
1 77
2 821
2 303
2 156
2 87
2 148
2 44
2 175
2 49
1 84
2 228
2 146
1 283
1 79
2 367
2 202
1 74
1 84
2 223
2 277
2 162
1 224
1 340
2 88
2 386
2 285
1 39
1 119
2 266
1 121
2 162
1 331
2 106
2 104
2 208
1 219
2 88
2 164
2 321
2 142
2 75
1 78
2 78
1 40
1 67
1 166
1 455
2 59
1 118
1 49
2 210
2 201
1 129
2 102
1 481
2 273
2 350
1 331
1 126
2 64
1 350
2 187
2 60
2 88
1 168
1 45
2 101
1 35
2 112
2 78
2 88
2 60
2 178
2 90
2 523
2 350
1 268
1 405
2 146
1 89
2 90
2 149
2 262
2 191
2 184
2 92
2 156
2 111
2 178
1 95
2 95
1 91
1 72
1 62
1 260
2 468
2 365
2 300
1 206
2 131
1 56
2 89
2 61
1 309
1 632
2 160
1 140
2 77
2 252
2 128
1 230
2 68
1 140
1 116
2 116
2 135
1 942
2 402
1 360
1 158
2 381
1 128
1 46
2 189
2 64
1 113
2 200
1 435
1 675
1 130
2 83
1 53
1 112
1 45
2 242
1 164
1 207
1 216
1 65
1 101
1 87
2 103
2 90
1 115
2 33
2 55
1 55
2 151
1 247
1 44
1 242
1 208
1 284
1 338
1 251
1 68
2 379
2 299
1 143
2 291
2 47
2 117
1 136
1 588
1 375
1 118
1 208
1 344
2 111
1 208
2 161
2 254
1 251
1 115
2 72
2 185
1 176
2 269
1 57
1 186
2 140
1 194
2 252
1 113
2 188
1 147
1 62
2 278
1 136
1 103
1 362
1 156
2 500
2 107
1 219
2 89
2 108
2 330
1 242
1 642
1 53
1 170
1 356
2 544
1 208
1 169
1 117
2 214
2 315
2 245
2 386
1 189
1 632
1 146
1 175
2 92
2 369
2 145
1 206
1 100
2 94
1 123
2 78
1 1303
2 68
2 67
1 429
1 155
1 298
1 50
1 159
2 556
1 218
2 40
2 49
1 356
2 226
2 149
1 92
2 100
1 84
2 133
1 91
2 436
1 228
2 71
1 186
1 158
2 218
1 755
2 116
2 80
2 179
2 197
1 119
2 151
1 364
1 125
2 139
2 144
2 124
2 93
1 77
2 195
2 125
2 122
2 114
2 114
1 77
1 125
2 166
2 444
1 139
2 68
2 127
2 72
1 121
2 435
1 104
2 89
1 98
1 64
1 251
