1 100
2 100
2 90
1 224
2 146
1 160
1 227
2 123
2 185
1 181
1 139
2 112
2 114
2 140
2 55
1 134
2 47
2 51
2 74
1 354
1 132
1 242
2 94
2 372
2 208
2 87
1 45
1 0
2 64
2 151
2 409
1 82
1 0
1 80
1 0
1 77
1 0
1 177
1 0
1 196
1 0
1 254
1 0
1 188
1 0
2 82
1 396
1 0
1 86
1 0
1 41
1 0
1 222
1 0
1 23
1 0
2 73
1 252
1 0
1 142
1 0
1 28
1 0
2 55
2 134
2 92
2 378
2 73
2 27
2 88
2 303
2 111
1 278
1 0
2 328
1 150
1 0
1 109
1 0
1 65
1 0
1 156
1 0
2 117
1 255
1 0
2 67
2 35
1 70
1 0
1 168
1 0
2 75
2 510
2 58
2 85
2 1
2 150
1 222
1 0
1 53
1 0
2 105
2 48
1 106
1 0
1 93
1 0
1 80
1 0
2 51
1 159
1 0
1 59
1 0
2 0
2 233
2 166
1 166
1 83
1 172
1 211
2 228
2 212
2 184
2 149
2 256
1 116
2 34
2 320
2 131
1 384
2 206
2 48
1 58
1 162
2 130
2 125
2 142
2 152
2 103
2 81
