1 404
2 628
2 366
2 714
1 384
2 314
2 474
1 1088
1 482
2 124
1 570
1 816
1 284
2 314
1 2172
1 324
2 978
2 598
1 208
1 164
1 412
1 310
1 836
2 146
1 340
1 426
2 286
2 452
1 744
1 386
1 192
2 220
2 194
2 844
2 296
2 378
2 350
2 182
2 398
1 474
1 76
1 236
1 352
2 442
1 602
1 350
2 448
2 388
2 182
1 570
2 322
2 718
1 260
2 126
1 788
1 188
2 88
1 144
1 276
2 214
1 172
2 322
2 186
1 440
1 806
2 202
2 194
1 358
2 184
1 486
1 122
2 114
1 428
1 632
2 104
2 184
2 270
1 114
1 108
1 186
1 414
1 236
1 152
2 914
1 290
2 80
1 310
2 1884
1 408
1 184
1 444
2 274
1 128
2 332
2 260
2 238
1 120
1 402
2 292
2 266
1 574
1 102
1 446
1 296
1 876
1 552
2 174
2 208
2 118
2 158
2 162
2 98
2 420
2 162
1 196
1 588
1 244
2 236
1 502
1 494
1 168
1 296
1 242
2 282
1 134
1 634
1 274
2 142
2 544
2 450
2 108
2 386
1 696
1 168
1 198
2 352
1 294
2 166
1 290
2 1854
2 284
2 246
2 512
2 302
2 186
1 238
1 350
2 698
2 1440
2 172
1 268
1 946
1 284
2 102
1 234
1 786
2 140
2 256
2 342
1 336
2 392
2 476
1 136
2 288
1 456
2 522
1 254
1 452
2 190
2 170
1 170
2 120
1 564
2 272
1 310
2 174
2 106
1 272
2 360
1 84
2 280
1 290
1 402
2 612
2 110
2 108
1 1158
1 702
2 156
2 266
2 580
2 104
2 660
1 460
1 144
2 232
1 660
2 440
2 406
2 142
2 318
1 810
2 512
2 162
2 124
2 188
1 146
2 110
2 284
1 676
2 728
1 228
1 216
1 262
1 360
1 810
2 306
2 550
1 218
2 176
1 384
1 124
2 214
1 136
1 1402
2 156
2 526
1 798
1 72
1 716
2 80
2 178
1 824
1 572
1 352
2 122
1 302
1 238
1 186
2 112
2 272
2 480
2 912
1 206
2 578
1 448
1 334
2 334
1 200
1 306
1 234
1 204
2 352
2 470
1 140
2 266
2 416
2 1016
2 1164
2 594
1 174
2 346
1 290
1 122
2 796
1 1196
2 446
2 186
2 264
2 254
2 304
2 414
2 400
2 238
2 424
2 126
2 696
2 338
2 160
1 378
2 708
1 326
2 910
1 92
2 872
2 688
2 302
1 318
2 524
1 1306
1 280
1 420
2 232
1 472
1 266
1 270
2 150
1 114
2 556
2 84
2 236
1 398
1 100
1 530
1 258
2 412
2 458
1 290
2 146
1 1270
2 226
1 314
2 434
1 118
1 288
1 110
1 136
2 804
1 102
2 170
2 916
1 262
2 314
2 546
2 200
2 104
1 422
1 254
2 420
2 132
2 494
1 304
1 156
1 470
1 638
1 554
1 234
1 504
2 394
1 258
2 802
2 458
2 802
2 144
1 146
2 272
1 366
2 264
1 284
2 522
2 620
1 170
2 268
2 472
1 220
1 166
1 216
1 800
2 1198
2 958
1 506
1 228
2 302
2 440
1 522
1 586
2 532
2 252
1 304
2 656
2 368
2 636
2 234
1 802
2 288
1 492
1 410
1 380
1 570
1 338
1 414
1 392
1 370
2 232
2 444
2 244
1 570
1 88
1 102
1 244
1 686
2 132
2 376
1 212
1 102
1 226
2 386
1 152
2 46
1 168
2 224
2 334
1 238
1 380
1 1084
2 324
2 692
2 140
2 210
1 222
1 264
1 184
1 132
1 394
1 328
2 262
2 282
2 1210
1 300
1 286
1 190
1 112
1 544
2 152
2 828
2 424
2 260
1 198
1 478
2 386
1 458
2 1322
2 354
1 312
1 522
1 526
2 708
2 476
1 456
1 522
1 404
2 482
1 334
1 206
2 198
1 134
1 250
1 168
1 844
2 394
1 426
2 378
2 514
2 66
2 72
1 478
1 578
2 848
1 110
2 112
1 222
1 934
1 782
2 144
2 1056
1 488
2 250
1 198
2 430
2 144
1 170
2 306
1 448
1 358
1 256
1 102
2 150
1 108
2 1076
2 370
2 636
1 124
2 178
1 134
2 92
1 388
2 588
1 948
1 500
2 348
2 290
1 400
1 222
1 410
1 204
2 488
2 580
1 674
2 42
2 708
1 216
1 262
1 370
1 472
2 1314
2 260
1 134
1 408
1 414
2 108
1 210
1 164
2 1042
1 150
2 292
2 156
1 582
1 214
1 354
2 112
2 650
2 134
2 170
2 324
2 316
2 118
2 106
2 838
2 92
1 126
1 470
1 1050
1 168
2 166
1 164
2 468
2 58
1 82
1 442
2 214
1 390
2 270
2 292
1 374
2 1062
1 72
2 640
1 264
2 70
1 256
2 594
1 134
2 600
2 232
2 460
2 240
2 152
1 118
1 608
1 362
1 978
2 1088
1 58
2 926
2 1248
2 274
1 66
1 152
1 180
2 610
2 630
1 236
2 138
1 126
1 226
2 382
1 1270
2 172
2 756
2 210
1 710
2 100
1 256
1 360
2 180
1 252
1 358
1 192
2 228
1 228
1 286
1 178
1 1102
1 290
1 104
1 214
1 346
1 750
1 166
2 438
2 220
2 642
2 312
2 224
2 70
1 772
1 558
2 300
2 506
1 594
1 308
1 760
2 244
1 200
1 336
1 168
2 210
2 240
1 326
1 286
1 218
2 128
1 300
1 140
2 126
2 898
1 258
2 1086
2 146
2 656
1 546
1 400
1 928
1 48
1 352
1 264
2 314
1 210
1 494
1 148
2 174
2 470
1 516
1 122
1 1076
2 100
1 482
1 144
2 206
2 108
2 150
2 220
2 388
2 262
1 272
1 198
1 772
2 132
1 170
1 726
1 384
2 496
2 404
1 388
1 422
2 452
2 86
1 92
2 1388
1 338
1 382
2 148
2 162
1 250
1 322
1 256
1 202
1 516
2 368
1 352
1 120
2 222
2 738
1 626
2 92
2 778
2 154
2 218
1 406
1 306
2 704
1 842
1 132
2 208
1 132
2 330
2 428
1 180
2 148
2 768
1 794
1 364
2 172
1 196
1 218
1 302
2 300
1 182
2 132
2 436
1 372
2 1442
1 700
2 214
1 406
2 328
2 308
1 220
2 434
1 494
1 250
1 704
1 136
2 134
2 444
1 176
2 192
2 208
2 516
1 100
2 166
1 104
2 848
1 118
2 666
1 110
1 400
1 1370
2 204
1 424
2 722
1 574
1 820
1 268
1 186
1 162
1 238
2 694
2 214
2 700
2 660
2 866
2 548
2 100
1 272
2 200
1 178
2 202
2 312
2 360
1 376
1 108
1 226
1 206
2 310
1 138
1 486
2 334
1 66
2 244
1 380
2 288
2 404
1 114
1 1014
2 1308
1 904
1 842
2 596
1 220
2 404
1 860
1 510
1 156
2 114
2 698
1 446
1 558
2 474
2 724
1 330
2 664
2 292
1 412
1 82
1 264
1 406
1 586
1 128
2 788
2 162
1 870
1 762
2 108
2 276
1 132
1 254
2 170
2 824
2 286
2 472
2 190
1 630
1 248
1 770
1 234
1 596
2 84
1 162
1 338
2 734
2 708
1 910
2 438
1 106
1 2082
1 500
2 136
2 332
1 154
1 368
1 62
2 446
2 120
1 232
1 398
1 76
2 314
1 198
2 84
1 240
1 132
1 402
1 356
1 300
2 270
2 252
2 688
2 236
2 114
1 290
2 194
2 524
1 78
2 856
2 400
1 538
1 160
2 108
2 292
2 694
2 566
2 358
2 164
1 298
1 932
2 310
2 402
1 290
2 268
1 102
2 540
2 680
1 562
1 156
2 324
1 394
1 226
2 170
1 258
2 354
1 206
1 502
1 330
2 238
2 256
1 428
1 190
1 242
1 302
1 98
1 240
1 176
2 340
2 718
2 328
1 238
1 238
1 54
2 390
1 200
2 664
2 250
2 334
2 276
2 248
2 118
2 390
2 418
1 802
2 174
1 96
2 250
2 180
1 84
2 310
1 250
1 358
1 620
1 412
2 292
1 1208
1 632
1 252
1 232
1 748
2 648
1 784
2 410
2 158
1 462
2 514
1 130
1 726
1 130
1 448
2 174
1 438
1 376
2 346
2 312
1 318
1 326
1 116
1 350
1 434
1 662
1 332
1 176
2 922
2 164
2 42
1 64
2 672
1 546
1 52
2 436
2 496
1 332
1 84
2 454
1 266
1 160
1 1126
2 98
2 348
2 590
2 228
2 484
2 236
1 204
1 274
2 372
1 574
1 130
2 424
1 562
2 214
2 682
2 478
1 138
2 298
1 302
1 232
2 512
1 312
2 58
2 422
1 776
2 518
2 190
1 404
2 432
2 554
1 324
1 78
1 296
2 634
1 466
2 296
1 192
2 248
2 316
1 216
2 240
1 410
1 312
1 290
1 1560
1 406
1 204
1 578
1 1292
2 484
2 414
1 238
1 214
1 184
2 122
1 104
2 176
1 822
2 166
1 474
1 156
2 302
1 170
2 314
1 444
1 340
2 180
2 228
1 444
2 278
2 140
2 174
1 502
2 182
2 690
1 472
2 238
1 92
1 312
2 514
2 460
2 372
1 348
2 808
2 160
2 150
2 108
1 158
2 486
2 478
1 100
2 172
2 146
1 252
1 292
1 246
1 144
1 154
2 88
1 418
1 188
2 430
1 796
1 566
1 474
2 158
2 472
2 476
1 228
2 168
2 364
2 68
2 160
2 770
2 200
2 290
1 1392
2 162
2 666
1 368
1 574
2 512
1 552
2 450
2 934
2 402
1 192
2 280
1 372
1 168
2 322
2 526
1 660
1 260
2 160
2 190
2 290
2 302
2 498
1 508
1 162
1 318
2 1076
2 532
1 312
2 584
2 1128
1 606
2 526
2 468
1 310
2 290
1 134
2 162
2 446
2 292
2 676
1 534
2 118
1 112
2 1072
1 488
2 338
2 226
1 602
1 264
2 276
2 560
1 172
1 156
1 156
1 580
1 502
1 262
2 524
1 264
1 628
1 384
1 244
1 352
2 328
2 374
1 542
2 1212
1 136
2 426
1 562
2 78
1 142
1 320
2 176
2 892
1 104
1 232
1 718
2 258
2 270
2 540
1 408
1 354
1 194
1 150
2 294
2 436
2 144
2 176
1 376
1 190
1 182
2 146
1 496
1 438
1 208
2 286
2 340
2 398
1 996
2 412
2 346
2 776
1 306
1 368
2 324
1 114
2 582
2 228
1 100
2 296
2 194
2 158
1 278
1 258
2 138
2 322
2 176
2 318
2 698
1 352
1 152
2 138
2 202
1 104
1 670
2 428
2 202
1 546
1 190
1 336
1 384
2 468
2 484
1 358
2 200
1 890
1 300
1 144
1 172
1 224
1 230
2 678
1 572
1 394
2 248
1 472
2 226
2 118
2 146
2 778
1 538
1 196
1 146
1 158
1 292
2 248
2 168
1 310
1 172
2 1086
2 114
1 398
2 450
1 236
1 658
2 270
1 174
1 556
2 1254
1 82
1 166
2 622
1 432
2 1306
2 114
2 354
1 218
2 438
2 354
1 362
2 168
2 520
2 342
1 158
1 442
1 154
2 138
2 136
1 460
1 260
2 134
2 256
2 302
2 348
2 318
1 358
1 98
1 326
2 144
1 88
2 228
2 376
2 408
1 520
1 536
1 162
1 298
1 594
2 280
1 218
2 168
1 512
1 362
2 296
1 296
2 382
2 250
1 268
1 416
1 320
1 232
1 166
1 154
1 226
1 112
1 806
2 392
2 632
2 334
1 1330
1 232
2 164
2 786
1 528
2 216
1 264
2 328
2 434
1 606
1 848
1 714
1 532
1 1020
1 394
1 120
1 1016
1 254
1 210
1 608
1 188
2 744
2 336
2 346
1 110
2 962
1 872
2 530
1 684
1 300
1 108
1 206
1 64
2 1026
2 900
1 274
1 108
2 806
1 612
1 182
2 220
1 106
1 272
2 990
1 568
2 1378
2 274
1 694
1 454
1 780
2 294
2 510
1 574
2 320
2 184
1 656
2 590
2 576
2 164
1 544
1 504
1 118
1 510
1 398
2 266
2 576
1 500
1 622
2 386
2 698
1 482
2 134
2 372
1 530
2 150
2 318
1 1026
2 76
1 190
2 308
2 362
1 100
2 62
1 242
1 354
2 338
1 470
2 742
2 120
1 146
2 330
1 110
1 124
1 162
2 596
2 152
1 734
2 302
2 724
2 152
2 754
2 298
1 360
2 130
1 102
1 650
1 456
2 690
2 360
1 326
1 496
2 432
2 314
1 176
1 284
1 84
2 396
2 664
1 444
1 128
1 522
2 142
1 526
2 204
2 710
2 322
2 450
1 88
1 226
1 192
2 318
2 442
1 224
2 700
1 204
2 504
1 696
1 1290
2 1052
2 226
1 210
2 768
1 452
2 450
2 824
2 758
2 382
2 466
1 482
2 168
1 270
1 554
1 140
2 384
2 178
2 342
2 796
2 990
1 556
2 794
2 894
1 392
2 176
2 420
2 568
2 120
2 164
1 450
1 328
1 834
2 220
2 146
2 132
1 142
2 352
2 368
2 644
2 636
1 448
2 712
2 68
2 98
2 1432
1 202
1 998
2 292
2 262
2 218
2 430
1 238
1 334
2 476
1 362
2 212
1 80
1 290
1 678
1 1038
2 664
2 370
1 1102
1 282
1 98
1 198
2 806
1 238
1 264
1 244
2 244
2 1236
1 718
2 326
1 902
1 264
2 96
2 420
1 718
1 116
1 894
2 192
1 776
1 118
1 320
1 252
1 1278
1 638
2 226
2 224
1 746
2 342
2 466
1 766
2 814
2 236
1 326
2 104
2 468
1 468
2 132
2 444
1 666
2 292
1 302
1 180
1 112
1 106
1 272
1 274
1 272
1 368
1 78
2 224
1 634
2 118
1 330
2 276
1 194
1 430
1 214
1 400
2 158
1 212
2 334
1 614
2 194
1 306
2 318
2 286
2 690
1 638
1 404
2 240
1 598
2 828
1 664
1 588
1 144
1 162
1 210
1 396
1 172
2 416
1 208
1 142
2 580
2 226
2 516
2 286
2 574
2 266
1 274
2 682
2 238
2 198
1 464
1 224
1 352
2 114
1 88
1 1568
2 246
1 188
2 92
1 524
1 136
1 290
2 1618
1 488
1 318
2 306
1 226
2 472
1 76
1 112
2 986
2 268
1 510
2 156
2 172
1 446
1 810
1 238
2 326
1 246
2 166
1 288
1 174
2 794
2 464
1 496
1 444
2 148
1 176
2 1018
1 252
1 442
2 244
1 140
1 464
2 586
2 236
1 1008
2 172
2 402
2 604
2 102
2 230
1 130
2 262
2 98
1 142
1 128
1 616
1 302
1 54
2 132
2 514
2 110
2 608
2 178
1 400
1 142
2 586
1 428
2 460
2 328
2 1348
1 684
1 204
2 342
2 758
2 226
2 140
1 134
1 574
2 836
1 1240
1 554
2 162
2 448
1 402
2 190
1 156
1 434
2 636
2 204
2 252
2 198
1 314
1 396
1 118
2 108
1 298
2 714
1 366
2 328
2 410
1 404
1 668
2 136
2 622
1 354
1 662
1 814
2 122
2 224
1 404
2 76
2 560
1 422
2 142
1 510
1 104
1 460
1 470
1 364
1 140
2 230
2 304
2 986
2 364
2 204
1 612
1 422
2 92
1 800
1 500
2 284
1 326
2 142
1 140
1 476
1 604
2 1352
2 180
1 126
2 230
1 526
2 184
1 162
2 642
1 142
1 832
2 314
2 258
2 224
2 76
1 1852
2 198
1 342
1 336
2 752
2 84
2 174
2 84
2 520
2 242
1 166
2 252
2 440
2 620
2 280
1 172
1 156
1 612
1 126
1 508
2 164
1 414
2 504
1 342
1 388
1 830
1 168
2 580
1 438
2 116
1 162
2 322
1 326
1 230
1 300
1 142
2 134
1 456
2 226
1 164
1 172
2 744
1 254
1 564
1 454
1 108
2 600
2 258
1 368
1 248
2 298
1 466
2 84
1 450
1 134
1 392
1 162
2 726
1 132
1 108
2 528
1 254
1 640
2 914
2 168
1 152
2 122
2 566
1 136
1 288
1 174
2 170
2 214
2 744
1 118
1 212
2 348
1 90
1 172
2 220
2 346
1 252
1 500
1 374
2 118
1 116
1 266
2 528
2 114
2 410
1 110
1 394
2 456
2 780
2 102
1 880
1 306
1 148
2 464
2 260
2 338
1 84
1 240
1 312
2 316
1 278
2 288
2 394
1 156
1 174
2 580
2 494
1 240
1 856
1 292
1 108
2 168
2 1114
1 258
2 246
1 1270
2 374
2 604
2 90
1 256
1 572
2 142
1 102
2 884
2 584
2 172
1 268
2 118
2 496
1 108
1 1060
2 248
2 318
1 254
1 368
1 252
1 132
1 344
1 316
2 324
1 206
1 316
1 122
2 312
2 170
2 222
1 418
2 292
2 138
2 410
2 170
2 230
2 510
2 1122
1 316
2 608
2 112
1 482
2 106
1 514
2 214
1 686
1 356
2 668
1 326
2 342
2 122
1 278
2 140
2 902
1 286
2 162
1 214
1 304
1 306
1 652
1 182
1 206
2 70
1 424
1 576
1 216
2 386
1 200
1 68
1 248
1 178
1 130
1 460
1 120
2 1040
1 288
2 480
1 194
1 334
2 246
1 292
1 160
1 230
2 508
2 542
2 704
1 684
1 208
2 400
2 346
1 174
1 628
1 396
1 294
2 288
1 422
1 232
1 524
2 206
1 180
2 310
2 198
2 152
1 738
2 310
1 160
2 168
1 274
2 310
1 604
2 542
1 246
2 774
2 588
1 626
2 182
2 144
1 264
2 314
1 154
1 252
1 396
2 246
2 702
1 228
2 1600
2 486
2 774
2 398
1 306
2 214
2 244
1 526
1 124
1 138
2 280
2 124
2 618
1 148
2 258
2 176
2 886
2 518
2 676
1 170
1 560
2 332
2 218
1 608
1 652
2 448
1 184
2 286
1 314
2 372
2 210
2 86
2 488
2 1076
1 106
2 102
2 1284
1 144
2 112
2 230
1 606
1 176
2 428
2 782
1 626
2 290
1 626
2 746
1 494
2 500
1 90
2 738
1 400
2 136
2 396
1 402
1 178
2 406
2 304
1 542
2 294
1 644
1 362
1 294
2 376
1 256
1 732
2 524
2 336
2 298
2 740
2 314
2 260
1 398
2 242
2 304
2 320
2 352
1 474
1 426
2 1168
2 622
1 344
2 260
2 264
2 326
2 258
2 116
1 612
2 194
1 298
2 1256
1 200
2 468
1 106
1 136
2 174
1 510
1 84
2 152
1 394
1 504
2 96
1 316
2 252
1 290
1 78
2 786
2 924
2 590
1 80
2 318
1 240
2 104
2 572
2 588
1 278
2 322
1 202
2 210
2 712
2 288
2 108
2 638
1 178
1 368
1 144
2 244
1 422
2 220
1 138
1 240
2 286
1 786
1 266
2 344
2 334
1 116
1 234
2 290
2 828
1 404
1 344
2 134
2 144
1 270
1 88
2 308
2 132
1 850
1 158
2 658
2 106
1 156
2 132
2 388
2 134
2 330
1 164
1 218
2 326
2 226
2 316
1 526
1 146
1 362
1 222
1 62
1 70
1 878
1 522
2 120
1 530
2 122
2 460
2 1712
1 252
1 308
1 318
2 210
1 814
1 548
1 220
2 542
1 74
2 388
1 814
2 130
1 532
1 384
2 428
1 870
2 396
1 100
2 552
2 308
2 484
1 300
2 534
1 228
2 304
2 414
2 118
1 350
1 260
2 624
2 84
2 256
2 236
2 184
2 1350
1 178
2 338
2 430
1 290
1 248
1 524
1 570
1 154
1 340
1 372
2 320
2 154
2 194
2 256
2 364
1 134
2 190
2 442
2 190
2 270
1 252
1 270
2 382
1 192
1 198
1 208
1 138
1 388
1 414
1 646
1 172
2 230
1 232
1 338
2 376
1 316
2 466
1 116
2 348
2 230
2 768
2 244
1 182
1 110
1 290
1 156
2 342
2 660
1 298
1 386
1 914
2 876
1 484
2 152
1 770
2 346
1 702
1 234
2 640
2 1288
1 274
1 142
2 78
1 442
1 204
1 224
1 356
1 200
2 486
2 300
2 154
1 238
1 254
2 388
1 252
1 468
1 342
1 82
2 634
2 780
1 262
1 328
1 1548
2 152
2 204
1 144
2 248
1 244
2 122
1 360
2 592
1 136
1 150
2 254
1 356
1 680
1 138
1 158
2 228
2 86
2 162
2 940
1 1196
2 256
2 276
2 1104
2 170
2 344
2 146
1 346
2 328
1 140
1 140
2 230
2 122
2 182
2 1038
2 332
2 410
2 408
1 162
2 94
2 424
2 192
2 672
2 314
2 130
2 436
2 352
1 372
1 124
1 374
2 448
2 880
1 374
1 150
1 558
1 306
2 140
2 316
2 1008
2 392
2 232
1 594
1 226
2 646
1 258
2 306
1 842
2 818
1 272
2 276
1 286
1 112
2 124
2 68
1 648
2 216
2 140
1 130
2 284
2 128
1 372
2 268
1 596
2 358
2 462
1 352
2 158
1 936
2 374
2 178
1 756
1 166
1 464
1 528
2 104
2 1002
2 520
2 1006
2 288
2 654
2 660
1 130
1 192
2 176
2 120
1 218
1 146
1 546
1 270
2 718
2 124
2 506
1 522
2 786
2 194
2 680
2 476
1 796
2 156
1 350
2 976
2 130
1 80
1 488
1 240
2 126
1 582
1 326
1 1106
2 268
1 166
1 132
1 258
2 562
1 510
1 226
2 224
2 166
1 420
2 154
1 180
2 86
1 274
1 670
2 212
1 240
2 250
1 122
1 66
1 296
2 316
2 164
2 598
1 1536
2 758
1 330
2 132
2 198
2 678
1 394
2 414
1 450
2 816
2 224
1 812
1 412
2 148
1 176
1 382
2 208
2 566
1 346
2 312
1 180
1 560
2 256
2 170
2 120
1 66
2 430
2 86
1 652
1 850
1 234
2 578
2 100
1 324
1 260
2 114
2 224
2 726
1 128
2 124
1 728
1 468
1 260
2 200
2 236
2 246
2 142
1 418
2 68
1 98
1 240
1 134
1 540
1 84
1 104
1 668
1 90
2 114
2 286
1 362
2 312
1 246
1 284
2 376
1 154
2 242
2 300
1 348
2 80
1 308
1 206
2 96
2 372
2 244
2 196
1 370
2 70
1 282
2 320
2 354
2 504
1 178
1 210
2 248
2 284
1 920
1 484
1 1028
1 194
2 88
1 154
1 440
2 468
1 416
1 568
1 360
2 1066
1 334
1 648
1 164
1 402
2 228
2 1464
1 196
1 296
1 532
1 714
1 666
2 358
2 96
2 490
2 248
2 68
2 634
2 320
2 568
1 198
1 194
2 186
2 186
1 582
2 602
2 378
2 172
1 168
1 126
2 708
1 202
1 248
1 776
1 298
2 662
2 120
1 366
1 354
1 740
1 234
2 316
1 402
2 836
1 212
2 284
1 300
1 200
1 402
2 118
2 182
1 740
1 296
2 676
2 604
2 626
2 630
2 718
2 148
1 864
1 510
1 148
1 428
2 210
2 230
2 324
1 152
2 1146
2 188
1 182
2 556
2 132
1 154
1 228
1 336
2 974
2 516
1 606
2 450
2 126
1 190
1 254
2 394
2 662
2 134
2 1022
1 148
1 140
1 314
1 176
1 162
1 500
1 82
2 352
1 640
2 268
2 132
2 104
1 136
1 78
2 706
1 226
1 328
1 586
2 160
2 276
1 252
1 166
1 526
1 896
2 96
1 158
1 214
2 316
1 348
2 102
1 138
1 98
2 312
2 228
2 244
2 164
2 1048
1 436
2 166
1 412
1 834
1 254
1 566
2 272
1 208
1 224
2 906
1 180
1 654
1 116
1 110
2 356
2 568
2 522
2 366
2 664
1 188
2 358
2 150
1 244
1 1498
2 392
2 90
2 824
2 214
1 1336
2 110
1 128
1 180
1 292
2 758
2 272
2 304
2 1072
1 84
1 162
2 128
1 516
2 620
1 188
1 622
1 216
1 336
2 760
1 530
1 258
1 266
2 538
1 186
1 222
1 422
1 368
2 146
2 256
1 422
2 194
1 286
2 90
2 158
2 550
2 294
1 332
1 206
2 324
2 266
2 916
1 1594
1 162
1 324
2 270
2 490
2 94
1 924
1 82
1 282
2 290
2 832
1 264
2 414
1 782
1 820
2 140
1 534
2 262
1 426
2 470
1 430
2 434
2 432
1 1026
2 558
2 292
1 106
2 1098
1 208
2 946
1 222
2 204
2 134
2 104
1 326
1 180
1 180
2 116
2 88
2 406
1 560
2 400
1 578
2 208
1 358
1 250
2 950
2 878
1 222
2 302
1 302
2 386
1 452
1 286
1 574
2 242
1 748
1 488
2 700
1 188
1 498
1 1220
2 392
1 814
1 164
1 116
1 114
2 1472
1 222
2 286
2 166
1 392
2 398
2 370
1 966
2 194
1 398
1 342
1 174
1 236
2 414
2 174
1 496
2 198
1 130
2 822
1 196
2 206
2 168
2 176
1 554
2 370
2 672
2 122
1 408
1 246
2 366
2 206
2 74
1 542
2 230
2 368
2 124
1 206
1 386
1 382
1 124
2 366
1 346
2 402
1 94
2 58
2 314
2 268
2 286
1 948
1 716
1 170
2 228
1 108
1 122
2 188
2 242
1 1258
1 310
2 300
1 352
2 348
2 160
1 276
2 376
2 640
2 92
1 144
1 884
2 294
2 218
2 74
1 170
2 202
2 196
2 286
2 164
2 160
2 136
1 200
2 298
1 186
2 320
1 216
2 982
1 132
1 428
2 560
1 546
2 1190
2 354
1 184
2 268
1 628
1 158
2 348
1 412
1 242
1 142
2 664
2 234
2 416
1 338
2 412
2 162
2 146
2 86
2 802
1 372
1 762
1 84
1 252
1 182
2 400
1 248
1 468
1 210
2 562
1 176
1 244
1 704
2 342
2 110
2 84
2 624
2 182
2 272
2 426
2 816
2 236
1 566
1 140
2 96
2 108
1 254
2 212
1 248
1 258
1 396
2 676
1 78
2 142
2 250
1 392
2 738
1 580
2 146
1 848
1 126
2 750
1 122
1 88
1 870
1 272
2 70
1 404
1 528
2 592
1 450
1 306
2 134
1 444
1 428
2 132
2 862
2 174
1 524
1 292
2 140
1 350
1 122
2 1390
2 174
1 168
1 634
1 176
2 68
1 564
2 168
1 100
2 192
2 262
1 408
2 266
1 242
1 120
2 204
1 270
2 362
1 522
1 332
2 204
2 260
2 80
1 408
2 320
2 1382
1 472
1 434
2 172
1 564
2 514
2 414
1 222
1 458
2 264
1 462
2 192
1 344
1 590
2 444
1 846
1 556
2 240
1 178
1 246
2 260
2 190
1 242
1 186
2 420
1 618
2 308
1 110
1 856
1 932
2 234
2 194
2 950
2 150
2 172
2 186
2 302
2 562
2 892
1 134
1 768
2 466
2 826
1 196
1 140
1 266
1 578
1 76
1 570
1 190
2 158
1 848
1 236
2 370
2 872
1 246
2 172
1 436
1 182
2 538
1 490
2 466
2 332
2 446
2 178
2 390
1 398
1 174
1 546
1 264
1 258
2 124
2 980
2 148
1 930
2 318
2 678
2 286
2 328
1 124
1 584
1 218
1 280
1 260
2 88
1 86
1 168
1 628
2 78
2 144
2 148
2 352
1 188
1 132
2 174
1 178
1 182
2 322
1 430
2 408
1 152
1 130
2 490
1 434
1 122
1 82
2 718
2 298
2 804
2 390
2 808
1 298
1 74
2 174
1 412
2 184
1 298
1 604
2 242
2 912
2 118
1 476
2 286
2 68
2 1152
1 670
1 530
1 202
1 52
2 272
1 162
2 810
1 164
1 262
2 652
1 2140
1 722
2 968
2 152
1 158
1 312
2 318
1 72
1 272
2 434
1 160
1 156
1 482
1 150
1 296
2 266
1 154
1 230
2 564
2 302
2 1108
1 526
2 472
2 376
1 494
2 274
1 232
1 412
2 884
2 476
2 370
1 396
1 500
2 408
1 332
2 608
1 538
1 258
1 326
1 134
1 238
1 830
2 224
1 446
2 510
1 126
2 170
2 696
1 270
1 82
1 208
2 594
2 138
1 458
1 328
1 650
1 164
1 112
1 658
1 408
1 222
2 444
2 740
1 320
1 286
2 646
2 246
1 262
2 302
2 570
2 152
2 56
2 1072
2 366
1 140
1 776
1 274
1 406
2 178
1 506
2 144
2 222
1 614
2 900
2 518
1 482
2 516
1 960
2 314
1 162
1 98
1 68
2 594
2 390
2 900
1 536
1 160
2 446
2 692
2 94
2 768
2 144
2 396
2 808
2 168
2 286
1 374
1 214
1 370
2 880
1 720
1 194
2 384
1 286
2 262
2 186
1 418
1 302
1 406
2 316
1 788
2 266
1 198
1 510
2 356
1 308
1 296
1 710
1 1374
2 818
2 386
1 218
1 556
2 1306
2 198
2 1156
1 190
2 234
2 1896
1 282
2 962
1 476
2 184
1 322
2 180
1 832
2 688
2 674
1 360
2 342
2 156
1 552
2 68
2 192
1 302
1 102
1 254
1 390
1 154
2 230
1 202
2 312
1 568
2 276
1 138
1 470
1 868
2 216
1 464
2 104
2 466
1 230
1 374
1 484
2 256
2 136
1 426
2 146
1 578
1 1370
1 372
1 68
1 910
1 106
2 670
1 294
2 118
2 216
2 136
2 530
1 114
2 356
1 586
2 752
2 258
2 652
1 402
2 362
1 952
1 322
2 182
1 596
2 418
1 412
1 470
2 406
1 486
2 294
1 628
1 696
1 212
2 58
1 886
2 348
2 740
2 618
1 354
1 900
2 176
2 324
2 1198
1 144
1 228
1 670
1 346
2 380
1 510
2 236
1 162
2 656
1 426
1 244
1 1064
1 202
2 712
1 336
1 322
2 356
1 712
1 222
1 308
1 354
2 268
1 280
1 136
2 510
1 306
1 68
2 234
1 204
2 90
2 588
2 252
2 538
2 128
1 914
2 172
1 228
1 94
1 208
2 286
1 158
1 178
1 188
1 1508
1 600
1 408
1 436
1 304
1 794
1 320
2 342
1 138
2 120
1 942
1 100
1 906
2 178
1 80
2 714
2 244
2 332
2 252
1 498
1 566
2 612
1 220
1 418
1 518
2 324
2 122
2 232
1 418
1 406
1 480
2 102
2 94
1 384
1 152
2 740
1 184
1 250
2 120
2 1466
2 216
2 444
1 184
2 828
2 334
1 166
2 460
2 752
2 70
1 516
1 256
2 286
1 532
1 474
1 196
1 198
2 370
2 116
2 550
2 630
1 402
1 302
1 468
1 158
2 66
2 616
2 468
1 474
1 84
1 150
1 288
2 1238
2 204
2 68
2 70
1 196
1 272
2 90
2 620
2 142
1 170
2 112
2 990
2 554
2 714
2 132
1 446
1 420
2 448
1 160
2 112
1 1002
2 146
2 308
2 156
2 268
1 504
1 416
2 1030
1 74
1 624
2 198
2 630
2 192
2 632
1 156
1 216
1 374
2 274
2 610
2 290
2 320
1 426
2 424
2 402
2 82
2 320
1 918
1 112
1 392
2 144
1 160
1 602
2 194
2 394
1 344
2 524
2 366
1 76
2 404
1 1530
1 142
1 312
2 1414
1 454
1 152
2 462
1 730
2 170
2 120
2 318
1 252
2 212
1 148
2 272
1 504
2 610
2 532
1 1058
1 480
2 1052
2 472
1 234
1 692
2 244
2 752
1 550
1 200
1 354
1 512
2 330
1 168
2 112
2 268
1 80
2 170
2 164
1 262
1 196
2 264
2 134
1 846
1 120
2 458
1 860
1 228
1 370
2 730
1 772
1 442
1 504
2 326
2 640
2 164
1 186
1 448
2 286
2 132
1 544
2 1080
2 180
1 260
2 960
2 102
1 134
2 324
1 306
1 288
2 230
1 96
2 712
1 428
1 484
1 184
1 732
2 384
1 512
2 438
1 544
2 98
2 142
2 138
1 202
2 724
1 672
2 586
2 502
1 346
1 158
1 860
2 196
1 176
2 432
1 1158
2 472
1 292
1 332
1 204
1 340
1 246
1 132
1 472
1 172
2 548
1 1056
2 400
2 228
2 94
2 246
2 264
1 496
1 314
1 532
1 324
2 122
2 278
2 210
2 280
2 170
2 270
2 238
1 490
1 736
2 274
1 212
2 510
2 480
2 260
1 216
2 614
1 584
1 298
1 112
1 436
2 270
1 510
2 528
1 242
1 1148
2 450
2 676
1 548
2 500
1 528
1 432
2 640
1 70
2 302
1 644
2 114
2 128
1 134
1 1462
1 654
2 222
1 250
1 88
2 756
2 674
1 432
1 126
2 270
1 1352
1 502
2 78
2 154
1 390
1 238
1 578
1 366
1 152
1 424
2 370
2 162
2 126
1 2186
2 184
2 294
1 192
1 384
1 194
2 610
1 598
1 520
2 300
1 1076
1 140
2 228
1 126
1 120
1 120
2 2256
2 190
1 288
2 578
2 446
1 748
2 370
1 874
2 140
2 124
2 250
2 96
1 320
1 124
2 378
1 78
1 102
2 254
1 550
1 204
1 1036
2 906
1 154
1 406
1 236
2 664
2 364
2 216
2 612
2 170
1 516
1 396
2 584
2 58
2 180
2 372
1 204
2 128
1 420
1 434
2 314
2 796
1 200
1 88
1 398
1 170
2 478
2 340
1 108
2 314
1 526
2 506
1 408
2 256
2 922
1 224
2 182
1 238
2 38
1 550
2 52
1 624
1 326
1 284
1 780
1 452
1 96
1 286
2 98
2 186
1 60
1 360
2 466
2 302
2 182
1 644
1 476
2 290
2 1094
2 568
1 732
1 676
2 452
2 766
1 212
2 290
1 86
1 202
2 96
1 520
1 158
1 960
2 402
1 274
2 160
2 320
2 622
1 192
2 238
1 206
2 158
1 432
2 854
1 182
1 278
1 200
1 432
2 312
1 438
2 238
1 362
2 122
2 412
1 244
2 784
2 494
1 248
1 114
1 1466
1 250
1 394
2 354
2 204
1 268
2 288
2 220
2 200
1 372
2 132
1 422
1 150
1 86
1 200
1 126
1 224
1 238
1 354
2 424
2 78
1 188
2 116
2 174
2 146
1 206
1 564
2 104
2 786
1 208
2 692
2 542
1 1526
1 88
2 148
1 120
2 438
2 668
2 254
1 162
1 644
1 296
2 222
1 884
2 1976
2 812
2 336
1 366
1 382
1 1528
2 996
1 842
1 304
2 136
2 236
2 360
1 592
1 258
1 1320
2 178
2 70
2 102
1 210
1 74
2 312
2 394
2 504
1 274
1 1034
1 198
1 234
1 114
1 638
1 124
2 328
2 626
1 170
1 306
2 386
1 550
1 274
2 420
1 114
2 146
1 376
1 156
2 272
1 308
2 126
2 226
2 482
2 74
1 374
2 592
2 78
1 188
2 598
2 716
2 90
1 594
2 114
2 124
1 334
1 246
1 614
1 210
2 196
1 144
1 226
2 418
2 1062
2 246
1 1028
2 204
2 378
2 378
2 278
2 1140
1 148
1 272
2 154
1 90
1 590
1 448
2 500
1 164
1 288
2 484
2 240
1 258
1 430
1 610
2 196
2 1388
2 122
1 350
2 488
1 310
2 540
1 660
2 182
2 386
1 262
1 730
1 380
2 346
2 366
2 292
1 414
2 342
1 144
1 182
2 762
2 182
2 490
2 246
1 452
2 402
1 176
1 930
1 1058
1 156
2 950
2 254
2 422
1 678
1 388
2 204
1 1124
1 490
2 346
2 252
2 372
2 658
1 148
2 182
2 80
1 402
1 98
1 132
2 176
1 164
2 170
2 462
2 334
2 188
2 366
1 290
1 554
2 248
1 90
1 172
2 136
2 548
2 140
1 390
1 2596
1 354
2 142
2 610
1 238
2 594
1 462
2 260
2 314
1 184
1 374
2 364
2 614
2 458
2 688
1 82
1 824
1 450
1 78
2 934
1 200
1 236
2 154
1 818
1 114
1 342
2 198
2 196
1 992
1 148
2 506
1 232
1 594
1 136
2 112
2 280
1 442
2 822
2 282
2 198
1 830
2 144
2 530
1 452
2 434
2 142
1 464
1 130
1 526
1 240
1 210
2 456
2 320
1 870
2 258
1 410
2 304
1 180
2 304
2 140
2 610
1 380
1 466
1 218
1 876
2 142
1 192
2 202
2 284
2 446
2 294
1 160
2 206
2 336
2 812
2 254
2 278
2 170
1 202
2 186
1 422
2 832
2 204
1 464
1 242
1 610
1 344
2 70
1 180
1 280
1 62
2 254
2 540
2 134
1 342
2 430
1 142
1 126
1 554
1 162
2 1102
1 450
2 176
1 566
2 128
2 392
1 176
2 126
2 324
2 182
2 218
1 400
1 112
2 1398
2 430
2 246
2 248
2 200
1 250
2 202
2 806
2 526
1 258
1 390
1 382
2 128
1 172
2 254
2 692
1 428
1 124
1 464
2 354
2 272
2 140
1 202
2 128
2 238
2 666
1 316
1 332
1 272
2 354
2 212
1 538
2 308
1 432
2 192
2 102
1 242
2 616
2 654
1 582
1 158
1 200
2 144
1 320
1 150
1 200
2 256
1 426
1 338
2 784
1 206
2 128
1 206
2 102
2 136
1 354
2 370
2 162
2 622
1 314
2 120
1 244
1 126
1 606
1 298
2 472
1 276
1 340
1 52
2 204
1 148
2 372
1 354
2 804
2 886
1 74
1 134
2 132
1 160
1 134
2 158
1 514
1 252
1 246
1 276
2 92
1 138
1 240
1 202
1 124
1 188
2 196
2 242
2 134
2 276
2 212
1 170
1 1682
1 134
1 290
1 444
1 688
1 104
1 78
1 1284
1 176
1 616
2 102
2 564
2 244
2 290
1 258
1 172
2 734
1 396
1 354
1 150
2 450
2 204
1 66
1 86
2 844
2 208
2 258
2 862
1 534
1 188
2 802
1 188
1 154
1 508
1 748
2 996
2 154
2 174
1 198
2 142
1 502
2 148
2 246
2 954
2 356
1 186
2 260
2 174
1 264
2 468
1 224
1 224
2 416
1 508
2 338
1 514
1 1120
2 230
1 252
1 262
2 184
1 270
2 120
1 136
1 248
1 270
1 872
2 430
2 272
1 196
2 614
1 94
1 548
1 372
1 728
2 318
1 340
1 128
1 880
1 370
2 158
1 184
1 656
1 266
2 220
1 194
1 616
1 854
2 222
2 492
1 438
1 1216
2 388
1 286
1 222
2 356
1 138
1 78
2 252
1 398
2 438
2 422
2 318
2 392
2 468
1 96
2 340
1 232
2 196
1 126
2 98
2 882
2 402
2 282
2 240
2 582
1 312
2 262
1 338
1 2444
1 306
1 160
1 218
1 178
1 130
1 1212
1 226
2 960
1 564
2 270
2 346
2 510
2 112
2 110
1 402
1 572
1 1094
1 160
2 364
2 378
2 112
1 350
2 426
2 452
2 378
1 182
1 118
1 162
1 116
2 780
2 290
1 174
1 344
2 640
2 200
2 222
2 490
1 200
1 692
1 74
1 174
2 706
2 108
2 226
1 650
1 1196
1 96
1 334
1 234
2 274
1 68
1 592
1 298
2 82
2 1116
1 224
1 508
2 180
1 490
2 186
1 788
1 496
2 512
1 160
2 94
2 1008
1 264
1 246
2 196
1 400
2 322
2 160
1 108
2 774
2 124
2 248
2 444
2 646
2 516
2 292
1 282
1 196
1 332
1 80
1 336
2 970
2 404
2 452
1 130
1 1214
1 1788
2 108
1 194
1 598
2 312
1 1176
2 288
1 702
1 360
1 566
2 262
2 156
2 318
2 166
2 282
1 566
1 162
1 280
2 346
1 428
1 258
1 898
1 174
2 384
1 362
2 474
2 94
2 494
2 104
2 126
1 898
2 168
2 632
2 194
2 138
2 658
2 192
1 232
1 106
1 110
1 268
1 780
2 430
1 214
1 274
2 480
1 280
2 438
1 572
1 86
1 286
2 532
1 594
1 164
2 246
1 168
1 826
2 256
1 60
1 332
1 726
1 898
1 366
1 328
1 146
2 148
1 258
2 124
2 124
1 370
1 634
2 104
2 220
2 164
1 178
1 580
1 236
1 196
2 292
2 212
1 400
1 204
1 222
1 578
2 136
2 64
2 264
2 306
2 380
1 184
1 618
2 74
1 206
2 212
1 338
1 756
1 746
2 478
1 412
1 240
2 106
1 1140
2 502
2 200
2 120
2 324
1 370
1 96
2 468
2 110
2 116
2 178
1 182
1 43
1 101
2 145
2 37
1 146
2 86
1 214
1 338
1 156
1 81
2 31
1 76
1 146
2 400
2 28
2 51
1 481
2 75
1 72
1 72
2 73
1 71
2 148
2 105
1 220
2 456
1 135
1 233
2 73
1 121
2 151
1 111
2 64
2 163
1 83
1 356
1 189
2 117
2 118
2 119
2 120
2 121
2 122
2 123
2 124
2 125
2 126
2 127
2 157
2 190
1 120
2 539
2 153
1 148
1 291
2 157
2 96
1 251
2 234
2 378
1 114
1 639
1 640
1 641
1 642
1 643
1 644
1 645
1 646
1 647
1 648
1 649
1 650
1 651
1 652
1 653
1 654
1 655
1 656
1 657
1 658
1 659
1 660
1 661
1 662
1 663
1 664
1 665
1 666
1 667
1 668
1 669
1 670
1 671
1 672
1 673
1 674
1 675
1 676
1 677
1 678
1 679
1 680
1 681
1 682
1 683
1 684
1 685
1 686
1 687
1 688
1 689
1 690
1 691
1 692
1 693
1 694
1 695
1 696
1 697
1 698
1 699
1 700
1 701
1 702
1 703
1 704
1 705
1 706
1 707
1 708
1 709
1 710
1 711
1 712
1 713
1 714
1 715
1 716
1 717
1 718
1 719
1 720
1 721
1 722
1 723
1 724
1 725
1 726
1 727
1 728
1 729
1 730
1 731
1 732
1 733
1 734
1 735
1 736
1 737
1 738
1 739
1 740
1 741
1 742
1 743
1 744
1 745
1 746
1 747
1 748
1 749
1 750
1 751
1 752
1 753
1 754
1 755
1 756
1 757
1 758
1 759
1 760
1 761
1 762
1 763
1 764
1 765
1 766
1 767
1 768
1 769
1 770
1 771
1 772
1 773
1 774
1 775
1 776
1 777
1 778
1 779
1 780
1 781
1 782
1 783
1 784
1 785
1 786
1 787
1 788
1 789
1 790
1 791
1 792
1 793
1 794
1 795
1 796
1 797
1 798
1 799
1 800
1 801
1 802
1 803
1 804
1 805
1 806
1 807
1 808
1 809
1 810
1 811
1 812
1 813
1 814
1 815
1 816
1 817
1 818
1 819
1 820
1 821
1 822
1 823
1 824
1 825
1 826
1 827
1 828
1 829
1 830
1 831
1 832
1 833
1 834
1 835
1 836
1 837
1 838
1 839
1 840
1 841
1 842
1 843
1 844
1 845
2 419
2 145
2 146
2 147
2 148
2 149
2 150
1 204